  Time Stress
  0.00   0.98358000
  0.10   0.98001013
  0.20   0.97673631
  0.30   0.97373024
  0.40   0.97096637
  0.50   0.96842162
  0.60   0.96607519
  0.70   0.96390825
  0.80   0.96190384
  0.90   0.96004662
  1.00   0.95832275
  1.10   0.95671972
  1.20   0.95522625
  1.30   0.95383215
  1.40   0.95252819
  1.50   0.95130607
  1.60   0.95015828
  1.70   0.94907802
  1.80   0.94805916
  1.90   0.94709618
  2.00   0.94618405
  2.10   0.94531827
  2.20   0.94449474
  2.30   0.94370977
  2.40   0.94296001
  2.50   0.94224246
  2.60   0.94155438
  2.70   0.94089330
  2.80   0.94025698
  2.90   0.93964342
  3.00   0.93905077
  3.10   0.93847740
  3.20   0.93792178
  3.30   0.93738258
  3.40   0.93685857
  3.50   0.93634862
  3.60   0.93585172
  3.70   0.93536698
  3.80   0.93489354
  3.90   0.93443066
  4.00   0.93397766
  4.10   0.93353392
  4.20   0.93309886
  4.30   0.93267197
  4.40   0.93225279
  4.50   0.93184089
  4.60   0.93143588
  4.70   0.93103741
  4.80   0.93064514
  4.90   0.93025880
  5.00   0.92987810
  5.10   0.92950280
  5.20   0.92913268
  5.30   0.92876751
  5.40   0.92840712
  5.50   0.92805132
  5.60   0.92769995
  5.70   0.92735286
  5.80   0.92700992
  5.90   0.92667099
  6.00   0.92633595
  6.10   0.92600470
  6.20   0.92567713
  6.30   0.92535314
  6.40   0.92503265
  6.50   0.92471557
  6.60   0.92440181
  6.70   0.92409132
  6.80   0.92378402
  6.90   0.92347983
  7.00   0.92317870
  7.10   0.92288058
  7.20   0.92258540
  7.30   0.92229310
  7.40   0.92200365
  7.50   0.92171699
  7.60   0.92143307
  7.70   0.92115185
  7.80   0.92087329
  7.90   0.92059734
  8.00   0.92032397
  8.10   0.92005314
  8.20   0.91978481
  8.30   0.91951894
  8.40   0.91925550
  8.50   0.91899446
  8.60   0.91873578
  8.70   0.91847943
  8.80   0.91822538
  8.90   0.91797360
  9.00   0.91772406
  9.10   0.91747673
  9.20   0.91723158
  9.30   0.91698859
  9.40   0.91674773
  9.50   0.91650897
  9.60   0.91627228
  9.70   0.91603764
  9.80   0.91580503
  9.90   0.91557442
 10.00   0.91534578
 10.10   0.91511910
 10.20   0.91489434
 10.30   0.91467149
 10.40   0.91445053
 10.50   0.91423142
 10.60   0.91401415
 10.70   0.91379870
 10.80   0.91358505
 10.90   0.91337317
 11.00   0.91316304
 11.10   0.91295465
 11.20   0.91274797
 11.30   0.91254298
 11.40   0.91233967
 11.50   0.91213801
 11.60   0.91193799
 11.70   0.91173959
 11.80   0.91154278
 11.90   0.91134755
 12.00   0.91115388
 12.10   0.91096176
 12.20   0.91077116
 12.30   0.91058208
 12.40   0.91039448
 12.50   0.91020836
 12.60   0.91002369
 12.70   0.90984047
 12.80   0.90965867
 12.90   0.90947829
 13.00   0.90929929
 13.10   0.90912167
 13.20   0.90894541
 13.30   0.90877050
 13.40   0.90859692
 13.50   0.90842466
 13.60   0.90825370
 13.70   0.90808402
 13.80   0.90791562
 13.90   0.90774847
 14.00   0.90758257
 14.10   0.90741790
 14.20   0.90725444
 14.30   0.90709219
 14.40   0.90693113
 14.50   0.90677124
 14.60   0.90661252
 14.70   0.90645494
 14.80   0.90629851
 14.90   0.90614320
 15.00   0.90598900
 15.10   0.90583590
 15.20   0.90568389
 15.30   0.90553295
 15.40   0.90538308
 15.50   0.90523426
 15.60   0.90508648
 15.70   0.90493973
 15.80   0.90479400
 15.90   0.90464928
 16.00   0.90450555
 16.10   0.90436280
 16.20   0.90422103
 16.30   0.90408022
 16.40   0.90394037
 16.50   0.90380146
 16.60   0.90366348
 16.70   0.90352642
 16.80   0.90339028
 16.90   0.90325503
 17.00   0.90312068
 17.10   0.90298721
 17.20   0.90285462
 17.30   0.90272289
 17.40   0.90259201
 17.50   0.90246198
 17.60   0.90233279
 17.70   0.90220442
 17.80   0.90207687
 17.90   0.90195013
 18.00   0.90182419
 18.10   0.90169904
 18.20   0.90157468
 18.30   0.90145109
 18.40   0.90132827
 18.50   0.90120621
 18.60   0.90108490
 18.70   0.90096433
 18.80   0.90084450
 18.90   0.90072539
 19.00   0.90060701
 19.10   0.90048934
 19.20   0.90037237
 19.30   0.90025610
 19.40   0.90014052
 19.50   0.90002562
 19.60   0.89991140
 19.70   0.89979784
 19.80   0.89968495
 19.90   0.89957271
 20.00   0.89946112
 20.10   0.89935017
 20.20   0.89923985
 20.30   0.89913017
 20.40   0.89902110
 20.50   0.89891265
 20.60   0.89880481
 20.70   0.89869757
 20.80   0.89859092
 20.90   0.89848487
 21.00   0.89837940
 21.10   0.89827451
 21.20   0.89817019
 21.30   0.89806643
 21.40   0.89796324
 21.50   0.89786060
 21.60   0.89775851
 21.70   0.89765697
 21.80   0.89755596
 21.90   0.89745549
 22.00   0.89735554
 22.10   0.89725611
 22.20   0.89715721
 22.30   0.89705881
 22.40   0.89696092
 22.50   0.89686353
 22.60   0.89676664
 22.70   0.89667024
 22.80   0.89657432
 22.90   0.89647889
 23.00   0.89638394
 23.10   0.89628945
 23.20   0.89619544
 23.30   0.89610189
 23.40   0.89600879
 23.50   0.89591615
 23.60   0.89582397
 23.70   0.89573222
 23.80   0.89564092
 23.90   0.89555005
 24.00   0.89545962
 24.10   0.89536961
 24.20   0.89528003
 24.30   0.89519087
 24.40   0.89510213
 24.50   0.89501379
 24.60   0.89492587
 24.70   0.89483835
 24.80   0.89475123
 24.90   0.89466450
 25.00   0.89457817
 25.10   0.89449223
 25.20   0.89440667
 25.30   0.89432150
 25.40   0.89423670
 25.50   0.89415228
 25.60   0.89406823
 25.70   0.89398455
 25.80   0.89390123
 25.90   0.89381828
 26.00   0.89373568
 26.10   0.89365343
 26.20   0.89357154
 26.30   0.89348999
 26.40   0.89340879
 26.50   0.89332793
 26.60   0.89324741
 26.70   0.89316722
 26.80   0.89308737
 26.90   0.89300784
 27.00   0.89292865
 27.10   0.89284977
 27.20   0.89277122
 27.30   0.89269298
 27.40   0.89261506
 27.50   0.89253745
 27.60   0.89246015
 27.70   0.89238315
 27.80   0.89230646
 27.90   0.89223008
 28.00   0.89215398
 28.10   0.89207819
 28.20   0.89200269
 28.30   0.89192748
 28.40   0.89185255
 28.50   0.89177792
 28.60   0.89170356
 28.70   0.89162949
 28.80   0.89155570
 28.90   0.89148218
 29.00   0.89140893
 29.10   0.89133596
 29.20   0.89126326
 29.30   0.89119082
 29.40   0.89111865
 29.50   0.89104674
 29.60   0.89097509
 29.70   0.89090369
 29.80   0.89083256
 29.90   0.89076167
 30.00   0.89069104
 30.10   0.89062066
 30.20   0.89055053
 30.30   0.89048064
 30.40   0.89041099
 30.50   0.89034159
 30.60   0.89027242
 30.70   0.89020349
 30.80   0.89013480
 30.90   0.89006635
 31.00   0.88999812
 31.10   0.88993012
 31.20   0.88986236
 31.30   0.88979482
 31.40   0.88972750
 31.50   0.88966041
 31.60   0.88959353
 31.70   0.88952688
 31.80   0.88946045
 31.90   0.88939423
 32.00   0.88932822
 32.10   0.88926243
 32.20   0.88919685
 32.30   0.88913148
 32.40   0.88906631
 32.50   0.88900136
 32.60   0.88893660
 32.70   0.88887205
 32.80   0.88880771
 32.90   0.88874356
 33.00   0.88867961
 33.10   0.88861586
 33.20   0.88855230
 33.30   0.88848894
 33.40   0.88842577
 33.50   0.88836279
 33.60   0.88830001
 33.70   0.88823741
 33.80   0.88817500
 33.90   0.88811277
 34.00   0.88805073
 34.10   0.88798887
 34.20   0.88792720
 34.30   0.88786570
 34.40   0.88780439
 34.50   0.88774325
 34.60   0.88768229
 34.70   0.88762150
 34.80   0.88756089
 34.90   0.88750046
 35.00   0.88744019
 35.10   0.88738010
 35.20   0.88732018
 35.30   0.88726042
 35.40   0.88720083
 35.50   0.88714141
 35.60   0.88708215
 35.70   0.88702306
 35.80   0.88696413
 35.90   0.88690537
 36.00   0.88684676
 36.10   0.88678831
 36.20   0.88673002
 36.30   0.88667189
 36.40   0.88661392
 36.50   0.88655610
 36.60   0.88649844
 36.70   0.88644093
 36.80   0.88638357
 36.90   0.88632637
 37.00   0.88626932
 37.10   0.88621241
 37.20   0.88615566
 37.30   0.88609905
 37.40   0.88604259
 37.50   0.88598627
 37.60   0.88593010
 37.70   0.88587408
 37.80   0.88581820
 37.90   0.88576246
 38.00   0.88570686
 38.10   0.88565141
 38.20   0.88559609
 38.30   0.88554092
 38.40   0.88548588
 38.50   0.88543098
 38.60   0.88537621
 38.70   0.88532158
 38.80   0.88526709
 38.90   0.88521273
 39.00   0.88515851
 39.10   0.88510442
 39.20   0.88505046
 39.30   0.88499663
 39.40   0.88494293
 39.50   0.88488936
 39.60   0.88483592
 39.70   0.88478261
 39.80   0.88472943
 39.90   0.88467637
 40.00   0.88462344
 40.10   0.88457064
 40.20   0.88451796
 40.30   0.88446540
 40.40   0.88441297
 40.50   0.88436066
 40.60   0.88430848
 40.70   0.88425641
 40.80   0.88420447
 40.90   0.88415264
 41.00   0.88410094
 41.10   0.88404935
 41.20   0.88399789
 41.30   0.88394654
 41.40   0.88389531
 41.50   0.88384419
 41.60   0.88379319
 41.70   0.88374231
 41.80   0.88369154
 41.90   0.88364088
 42.00   0.88359034
 42.10   0.88353992
 42.20   0.88348960
 42.30   0.88343940
 42.40   0.88338930
 42.50   0.88333932
 42.60   0.88328945
 42.70   0.88323969
 42.80   0.88319004
 42.90   0.88314050
 43.00   0.88309106
 43.10   0.88304174
 43.20   0.88299252
 43.30   0.88294340
 43.40   0.88289440
 43.50   0.88284550
 43.60   0.88279670
 43.70   0.88274801
 43.80   0.88269942
 43.90   0.88265094
 44.00   0.88260256
 44.10   0.88255429
 44.20   0.88250611
 44.30   0.88245804
 44.40   0.88241007
 44.50   0.88236220
 44.60   0.88231443
 44.70   0.88226676
 44.80   0.88221919
 44.90   0.88217172
 45.00   0.88212435
 45.10   0.88207708
 45.20   0.88202990
 45.30   0.88198283
 45.40   0.88193585
 45.50   0.88188896
 45.60   0.88184218
 45.70   0.88179549
 45.80   0.88174889
 45.90   0.88170239
 46.00   0.88165599
 46.10   0.88160968
 46.20   0.88156346
 46.30   0.88151734
 46.40   0.88147131
 46.50   0.88142537
 46.60   0.88137953
 46.70   0.88133378
 46.80   0.88128812
 46.90   0.88124255
 47.00   0.88119707
 47.10   0.88115168
 47.20   0.88110639
 47.30   0.88106118
 47.40   0.88101606
 47.50   0.88097103
 47.60   0.88092610
 47.70   0.88088125
 47.80   0.88083648
 47.90   0.88079181
 48.00   0.88074723
 48.10   0.88070273
 48.20   0.88065832
 48.30   0.88061399
 48.40   0.88056975
 48.50   0.88052560
 48.60   0.88048153
 48.70   0.88043755
 48.80   0.88039366
 48.90   0.88034984
 49.00   0.88030612
 49.10   0.88026248
 49.20   0.88021892
 49.30   0.88017544
 49.40   0.88013205
 49.50   0.88008874
 49.60   0.88004552
 49.70   0.88000237
 49.80   0.87995931
 49.90   0.87991633
 50.00   0.87987344
 50.10   0.87983062
 50.20   0.87978789
 50.30   0.87974523
 50.40   0.87970266
 50.50   0.87966016
 50.60   0.87961775
 50.70   0.87957542
 50.80   0.87953316
 50.90   0.87949099
 51.00   0.87944889
 51.10   0.87940688
 51.20   0.87936494
 51.30   0.87932308
 51.40   0.87928130
 51.50   0.87923959
 51.60   0.87919797
 51.70   0.87915642
 51.80   0.87911494
 51.90   0.87907355
 52.00   0.87903223
 52.10   0.87899099
 52.20   0.87894982
 52.30   0.87890873
 52.40   0.87886771
 52.50   0.87882677
 52.60   0.87878591
 52.70   0.87874512
 52.80   0.87870440
 52.90   0.87866376
 53.00   0.87862319
 53.10   0.87858270
 53.20   0.87854228
 53.30   0.87850194
 53.40   0.87846167
 53.50   0.87842147
 53.60   0.87838134
 53.70   0.87834129
 53.80   0.87830131
 53.90   0.87826140
 54.00   0.87822156
 54.10   0.87818180
 54.20   0.87814211
 54.30   0.87810249
 54.40   0.87806294
 54.50   0.87802346
 54.60   0.87798405
 54.70   0.87794471
 54.80   0.87790545
 54.90   0.87786625
 55.00   0.87782713
 55.10   0.87778807
 55.20   0.87774908
 55.30   0.87771017
 55.40   0.87767132
 55.50   0.87763254
 55.60   0.87759383
 55.70   0.87755519
 55.80   0.87751662
 55.90   0.87747812
 56.00   0.87743969
 56.10   0.87740132
 56.20   0.87736302
 56.30   0.87732479
 56.40   0.87728663
 56.50   0.87724853
 56.60   0.87721050
 56.70   0.87717254
 56.80   0.87713464
 56.90   0.87709682
 57.00   0.87705905
 57.10   0.87702136
 57.20   0.87698373
 57.30   0.87694617
 57.40   0.87690867
 57.50   0.87687124
 57.60   0.87683387
 57.70   0.87679657
 57.80   0.87675934
 57.90   0.87672217
 58.00   0.87668506
 58.10   0.87664802
 58.20   0.87661105
 58.30   0.87657413
 58.40   0.87653729
 58.50   0.87650050
 58.60   0.87646378
 58.70   0.87642713
 58.80   0.87639054
 58.90   0.87635401
 59.00   0.87631754
 59.10   0.87628114
 59.20   0.87624480
 59.30   0.87620853
 59.40   0.87617231
 59.50   0.87613616
 59.60   0.87610007
 59.70   0.87606405
 59.80   0.87602809
 59.90   0.87599218
 60.00   0.87595634
 60.10   0.87592057
 60.20   0.87588485
 60.30   0.87584919
 60.40   0.87581360
 60.50   0.87577807
 60.60   0.87574260
 60.70   0.87570719
 60.80   0.87567184
 60.90   0.87563655
 61.00   0.87560132
 61.10   0.87556615
 61.20   0.87553104
 61.30   0.87549599
 61.40   0.87546101
 61.50   0.87542608
 61.60   0.87539121
 61.70   0.87535640
 61.80   0.87532165
 61.90   0.87528696
 62.00   0.87525233
 62.10   0.87521776
 62.20   0.87518324
 62.30   0.87514879
 62.40   0.87511439
 62.50   0.87508006
 62.60   0.87504578
 62.70   0.87501156
 62.80   0.87497739
 62.90   0.87494329
 63.00   0.87490924
 63.10   0.87487525
 63.20   0.87484132
 63.30   0.87480745
 63.40   0.87477363
 63.50   0.87473987
 63.60   0.87470617
 63.70   0.87467253
 63.80   0.87463894
 63.90   0.87460541
 64.00   0.87457193
 64.10   0.87453851
 64.20   0.87450515
 64.30   0.87447185
 64.40   0.87443860
 64.50   0.87440541
 64.60   0.87437227
 64.70   0.87433919
 64.80   0.87430616
 64.90   0.87427319
 65.00   0.87424028
 65.10   0.87420742
 65.20   0.87417462
 65.30   0.87414187
 65.40   0.87410918
 65.50   0.87407654
 65.60   0.87404396
 65.70   0.87401143
 65.80   0.87397896
 65.90   0.87394654
 66.00   0.87391417
 66.10   0.87388186
 66.20   0.87384960
 66.30   0.87381740
 66.40   0.87378525
 66.50   0.87375316
 66.60   0.87372112
 66.70   0.87368913
 66.80   0.87365720
 66.90   0.87362532
 67.00   0.87359349
 67.10   0.87356172
 67.20   0.87353000
 67.30   0.87349833
 67.40   0.87346672
 67.50   0.87343516
 67.60   0.87340365
 67.70   0.87337219
 67.80   0.87334079
 67.90   0.87330944
 68.00   0.87327814
 68.10   0.87324689
 68.20   0.87321570
 68.30   0.87318456
 68.40   0.87315347
 68.50   0.87312243
 68.60   0.87309144
 68.70   0.87306051
 68.80   0.87302962
 68.90   0.87299879
 69.00   0.87296801
 69.10   0.87293728
 69.20   0.87290660
 69.30   0.87287597
 69.40   0.87284540
 69.50   0.87281487
 69.60   0.87278440
 69.70   0.87275397
 69.80   0.87272360
 69.90   0.87269328
 70.00   0.87266300
 70.10   0.87263278
 70.20   0.87260261
 70.30   0.87257249
 70.40   0.87254241
 70.50   0.87251239
 70.60   0.87248242
 70.70   0.87245250
 70.80   0.87242262
 70.90   0.87239280
 71.00   0.87236303
 71.10   0.87233330
 71.20   0.87230363
 71.30   0.87227400
 71.40   0.87224442
 71.50   0.87221489
 71.60   0.87218541
 71.70   0.87215598
 71.80   0.87212660
 71.90   0.87209727
 72.00   0.87206798
 72.10   0.87203875
 72.20   0.87200956
 72.30   0.87198042
 72.40   0.87195133
 72.50   0.87192228
 72.60   0.87189329
 72.70   0.87186434
 72.80   0.87183544
 72.90   0.87180659
 73.00   0.87177779
 73.10   0.87174903
 73.20   0.87172032
 73.30   0.87169166
 73.40   0.87166305
 73.50   0.87163448
 73.60   0.87160596
 73.70   0.87157749
 73.80   0.87154906
 73.90   0.87152068
 74.00   0.87149235
 74.10   0.87146406
 74.20   0.87143582
 74.30   0.87140763
 74.40   0.87137949
 74.50   0.87135139
 74.60   0.87132333
 74.70   0.87129533
 74.80   0.87126737
 74.90   0.87123945
 75.00   0.87121158
 75.10   0.87118376
 75.20   0.87115598
 75.30   0.87112825
 75.40   0.87110057
 75.50   0.87107293
 75.60   0.87104533
 75.70   0.87101778
 75.80   0.87099028
 75.90   0.87096282
 76.00   0.87093541
 76.10   0.87090804
 76.20   0.87088072
 76.30   0.87085344
 76.40   0.87082621
 76.50   0.87079902
 76.60   0.87077188
 76.70   0.87074478
 76.80   0.87071772
 76.90   0.87069071
 77.00   0.87066375
 77.10   0.87063683
 77.20   0.87060995
 77.30   0.87058312
 77.40   0.87055633
 77.50   0.87052958
 77.60   0.87050288
 77.70   0.87047623
 77.80   0.87044961
 77.90   0.87042304
 78.00   0.87039652
 78.10   0.87037004
 78.20   0.87034360
 78.30   0.87031720
 78.40   0.87029085
 78.50   0.87026454
 78.60   0.87023827
 78.70   0.87021205
 78.80   0.87018587
 78.90   0.87015974
 79.00   0.87013364
 79.10   0.87010759
 79.20   0.87008158
 79.30   0.87005562
 79.40   0.87002970
 79.50   0.87000382
 79.60   0.86997798
 79.70   0.86995218
 79.80   0.86992643
 79.90   0.86990072
 80.00   0.86987505
 80.10   0.86984942
 80.20   0.86982384
 80.30   0.86979830
 80.40   0.86977280
 80.50   0.86974734
 80.60   0.86972192
 80.70   0.86969654
 80.80   0.86967121
 80.90   0.86964592
 81.00   0.86962067
 81.10   0.86959546
 81.20   0.86957029
 81.30   0.86954516
 81.40   0.86952007
 81.50   0.86949503
 81.60   0.86947003
 81.70   0.86944506
 81.80   0.86942014
 81.90   0.86939526
 82.00   0.86937042
 82.10   0.86934562
 82.20   0.86932086
 82.30   0.86929614
 82.40   0.86927146
 82.50   0.86924682
 82.60   0.86922223
 82.70   0.86919767
 82.80   0.86917315
 82.90   0.86914868
 83.00   0.86912424
 83.10   0.86909984
 83.20   0.86907549
 83.30   0.86905117
 83.40   0.86902689
 83.50   0.86900265
 83.60   0.86897845
 83.70   0.86895430
 83.80   0.86893018
 83.90   0.86890610
 84.00   0.86888206
 84.10   0.86885806
 84.20   0.86883410
 84.30   0.86881017
 84.40   0.86878629
 84.50   0.86876245
 84.60   0.86873864
 84.70   0.86871487
 84.80   0.86869115
 84.90   0.86866746
 85.00   0.86864381
 85.10   0.86862020
 85.20   0.86859663
 85.30   0.86857309
 85.40   0.86854960
 85.50   0.86852614
 85.60   0.86850272
 85.70   0.86847934
 85.80   0.86845600
 85.90   0.86843269
 86.00   0.86840943
 86.10   0.86838620
 86.20   0.86836301
 86.30   0.86833986
 86.40   0.86831674
 86.50   0.86829366
 86.60   0.86827063
 86.70   0.86824762
 86.80   0.86822466
 86.90   0.86820173
 87.00   0.86817885
 87.10   0.86815599
 87.20   0.86813318
 87.30   0.86811040
 87.40   0.86808766
 87.50   0.86806496
 87.60   0.86804230
 87.70   0.86801967
 87.80   0.86799708
 87.90   0.86797452
 88.00   0.86795200
 88.10   0.86792952
 88.20   0.86790708
 88.30   0.86788467
 88.40   0.86786230
 88.50   0.86783997
 88.60   0.86781767
 88.70   0.86779541
 88.80   0.86777318
 88.90   0.86775099
 89.00   0.86772884
 89.10   0.86770672
 89.20   0.86768464
 89.30   0.86766260
 89.40   0.86764059
 89.50   0.86761862
 89.60   0.86759668
 89.70   0.86757478
 89.80   0.86755292
 89.90   0.86753109
 90.00   0.86750929
 90.10   0.86748753
 90.20   0.86746581
 90.30   0.86744412
 90.40   0.86742247
 90.50   0.86740086
 90.60   0.86737927
 90.70   0.86735773
 90.80   0.86733622
 90.90   0.86731474
 91.00   0.86729330
 91.10   0.86727190
 91.20   0.86725053
 91.30   0.86722919
 91.40   0.86720789
 91.50   0.86718662
 91.60   0.86716539
 91.70   0.86714419
 91.80   0.86712303
 91.90   0.86710190
 92.00   0.86708081
 92.10   0.86705975
 92.20   0.86703873
 92.30   0.86701774
 92.40   0.86699678
 92.50   0.86697586
 92.60   0.86695497
 92.70   0.86693412
 92.80   0.86691330
 92.90   0.86689251
 93.00   0.86687176
 93.10   0.86685104
 93.20   0.86683036
 93.30   0.86680971
 93.40   0.86678909
 93.50   0.86676851
 93.60   0.86674796
 93.70   0.86672744
 93.80   0.86670696
 93.90   0.86668651
 94.00   0.86666609
 94.10   0.86664571
 94.20   0.86662536
 94.30   0.86660504
 94.40   0.86658476
 94.50   0.86656451
 94.60   0.86654429
 94.70   0.86652411
 94.80   0.86650396
 94.90   0.86648384
 95.00   0.86646375
 95.10   0.86644370
 95.20   0.86642368
 95.30   0.86640369
 95.40   0.86638374
 95.50   0.86636382
 95.60   0.86634393
 95.70   0.86632407
 95.80   0.86630425
 95.90   0.86628445
 96.00   0.86626469
 96.10   0.86624496
 96.20   0.86622527
 96.30   0.86620560
 96.40   0.86618597
 96.50   0.86616637
 96.60   0.86614681
 96.70   0.86612727
 96.80   0.86610777
 96.90   0.86608829
 97.00   0.86606885
 97.10   0.86604944
 97.20   0.86603007
 97.30   0.86601072
 97.40   0.86599141
 97.50   0.86597212
 97.60   0.86595287
 97.70   0.86593365
 97.80   0.86591446
 97.90   0.86589531
 98.00   0.86587618
 98.10   0.86585709
 98.20   0.86583802
 98.30   0.86581899
 98.40   0.86579999
 98.50   0.86578102
 98.60   0.86576208
 98.70   0.86574317
 98.80   0.86572429
 98.90   0.86570544
 99.00   0.86568663
 99.10   0.86566784
 99.20   0.86564908
 99.30   0.86563036
 99.40   0.86561167
 99.50   0.86559300
 99.60   0.86557437
 99.70   0.86555577
 99.80   0.86553719
 99.90   0.86551865
100.00   0.86550014
100.10   0.86548166
100.20   0.86546320
100.30   0.86544478
100.40   0.86542639
100.50   0.86540803
100.60   0.86538970
100.70   0.86537139
100.80   0.86535312
100.90   0.86533488
101.00   0.86531667
101.10   0.86529848
101.20   0.86528033
101.30   0.86526221
101.40   0.86524411
101.50   0.86522605
101.60   0.86520801
101.70   0.86519001
101.80   0.86517203
101.90   0.86515408
102.00   0.86513616
102.10   0.86511827
102.20   0.86510041
102.30   0.86508258
102.40   0.86506478
102.50   0.86504701
102.60   0.86502927
102.70   0.86501155
102.80   0.86499387
102.90   0.86497621
103.00   0.86495858
103.10   0.86494098
103.20   0.86492341
103.30   0.86490587
103.40   0.86488835
103.50   0.86487087
103.60   0.86485341
103.70   0.86483598
103.80   0.86481858
103.90   0.86480121
104.00   0.86478387
104.10   0.86476655
104.20   0.86474927
104.30   0.86473201
104.40   0.86471478
104.50   0.86469757
104.60   0.86468040
104.70   0.86466325
104.80   0.86464613
104.90   0.86462904
105.00   0.86461198
105.10   0.86459495
105.20   0.86457794
105.30   0.86456096
105.40   0.86454401
105.50   0.86452708
105.60   0.86451019
105.70   0.86449332
105.80   0.86447647
105.90   0.86445966
106.00   0.86444287
106.10   0.86442611
106.20   0.86440938
106.30   0.86439268
106.40   0.86437600
106.50   0.86435935
106.60   0.86434272
106.70   0.86432613
106.80   0.86430956
106.90   0.86429302
107.00   0.86427650
107.10   0.86426001
107.20   0.86424355
107.30   0.86422712
107.40   0.86421071
107.50   0.86419433
107.60   0.86417797
107.70   0.86416164
107.80   0.86414534
107.90   0.86412907
108.00   0.86411282
108.10   0.86409660
108.20   0.86408040
108.30   0.86406423
108.40   0.86404809
108.50   0.86403197
108.60   0.86401588
108.70   0.86399982
108.80   0.86398378
108.90   0.86396777
109.00   0.86395178
109.10   0.86393582
109.20   0.86391989
109.30   0.86390398
109.40   0.86388810
109.50   0.86387224
109.60   0.86385641
109.70   0.86384061
109.80   0.86382483
109.90   0.86380908
110.00   0.86379335
110.10   0.86377765
110.20   0.86376197
110.30   0.86374632
110.40   0.86373070
110.50   0.86371510
110.60   0.86369952
110.70   0.86368397
110.80   0.86366845
110.90   0.86365295
111.00   0.86363748
111.10   0.86362203
111.20   0.86360661
111.30   0.86359121
111.40   0.86357584
111.50   0.86356049
111.60   0.86354517
111.70   0.86352987
111.80   0.86351460
111.90   0.86349935
112.00   0.86348413
112.10   0.86346893
112.20   0.86345376
112.30   0.86343861
112.40   0.86342348
112.50   0.86340838
112.60   0.86339331
112.70   0.86337826
112.80   0.86336323
112.90   0.86334823
113.00   0.86333326
113.10   0.86331830
113.20   0.86330338
113.30   0.86328847
113.40   0.86327359
113.50   0.86325874
113.60   0.86324391
113.70   0.86322910
113.80   0.86321432
113.90   0.86319956
114.00   0.86318482
114.10   0.86317011
114.20   0.86315543
114.30   0.86314076
114.40   0.86312612
114.50   0.86311151
114.60   0.86309692
114.70   0.86308235
114.80   0.86306781
114.90   0.86305329
115.00   0.86303879
115.10   0.86302432
115.20   0.86300987
115.30   0.86299544
115.40   0.86298104
115.50   0.86296666
115.60   0.86295231
115.70   0.86293797
115.80   0.86292367
115.90   0.86290938
116.00   0.86289512
116.10   0.86288088
116.20   0.86286666
116.30   0.86285247
116.40   0.86283830
116.50   0.86282415
116.60   0.86281003
116.70   0.86279593
116.80   0.86278185
116.90   0.86276780
117.00   0.86275377
117.10   0.86273976
117.20   0.86272577
117.30   0.86271181
117.40   0.86269787
117.50   0.86268395
117.60   0.86267006
117.70   0.86265618
117.80   0.86264233
117.90   0.86262851
118.00   0.86261470
118.10   0.86260092
118.20   0.86258716
118.30   0.86257342
118.40   0.86255971
118.50   0.86254602
118.60   0.86253235
118.70   0.86251870
118.80   0.86250507
118.90   0.86249147
119.00   0.86247789
119.10   0.86246433
119.20   0.86245079
119.30   0.86243727
119.40   0.86242378
119.50   0.86241031
119.60   0.86239686
119.70   0.86238343
119.80   0.86237003
119.90   0.86235664
120.00   0.86234328
120.10   0.86232994
120.20   0.86231662
120.30   0.86230332
120.40   0.86229005
120.50   0.86227680
120.60   0.86226356
120.70   0.86225035
120.80   0.86223716
120.90   0.86222400
121.00   0.86221085
121.10   0.86219773
121.20   0.86218462
121.30   0.86217154
121.40   0.86215848
121.50   0.86214544
121.60   0.86213242
121.70   0.86211943
121.80   0.86210645
121.90   0.86209350
122.00   0.86208056
122.10   0.86206765
122.20   0.86205476
122.30   0.86204189
122.40   0.86202904
122.50   0.86201621
122.60   0.86200340
122.70   0.86199061
122.80   0.86197785
122.90   0.86196510
123.00   0.86195238
123.10   0.86193968
123.20   0.86192699
123.30   0.86191433
123.40   0.86190169
123.50   0.86188907
123.60   0.86187647
123.70   0.86186389
123.80   0.86185133
123.90   0.86183879
124.00   0.86182627
124.10   0.86181377
124.20   0.86180129
124.30   0.86178883
124.40   0.86177640
124.50   0.86176398
124.60   0.86175158
124.70   0.86173921
124.80   0.86172685
124.90   0.86171451
125.00   0.86170220
125.10   0.86168990
125.20   0.86167762
125.30   0.86166537
125.40   0.86165313
125.50   0.86164091
125.60   0.86162872
125.70   0.86161654
125.80   0.86160438
125.90   0.86159225
126.00   0.86158013
126.10   0.86156803
126.20   0.86155595
126.30   0.86154389
126.40   0.86153186
126.50   0.86151984
126.60   0.86150784
126.70   0.86149586
126.80   0.86148390
126.90   0.86147196
127.00   0.86146003
127.10   0.86144813
127.20   0.86143625
127.30   0.86142439
127.40   0.86141254
127.50   0.86140072
127.60   0.86138891
127.70   0.86137713
127.80   0.86136536
127.90   0.86135361
128.00   0.86134188
128.10   0.86133017
128.20   0.86131848
128.30   0.86130681
128.40   0.86129516
128.50   0.86128352
128.60   0.86127191
128.70   0.86126031
128.80   0.86124874
128.90   0.86123718
129.00   0.86122564
129.10   0.86121412
129.20   0.86120262
129.30   0.86119113
129.40   0.86117967
129.50   0.86116822
129.60   0.86115680
129.70   0.86114539
129.80   0.86113400
129.90   0.86112263
130.00   0.86111127
130.10   0.86109994
130.20   0.86108862
130.30   0.86107733
130.40   0.86106605
130.50   0.86105479
130.60   0.86104355
130.70   0.86103232
130.80   0.86102112
130.90   0.86100993
131.00   0.86099876
131.10   0.86098761
131.20   0.86097648
131.30   0.86096536
131.40   0.86095426
131.50   0.86094319
131.60   0.86093212
131.70   0.86092108
131.80   0.86091006
131.90   0.86089905
132.00   0.86088806
132.10   0.86087709
132.20   0.86086614
132.30   0.86085520
132.40   0.86084429
132.50   0.86083339
132.60   0.86082250
132.70   0.86081164
132.80   0.86080079
132.90   0.86078997
133.00   0.86077915
133.10   0.86076836
133.20   0.86075759
133.30   0.86074683
133.40   0.86073609
133.50   0.86072536
133.60   0.86071466
133.70   0.86070397
133.80   0.86069330
133.90   0.86068264
134.00   0.86067201
134.10   0.86066139
134.20   0.86065079
134.30   0.86064020
134.40   0.86062963
134.50   0.86061908
134.60   0.86060855
134.70   0.86059804
134.80   0.86058754
134.90   0.86057706
135.00   0.86056659
135.10   0.86055614
135.20   0.86054571
135.30   0.86053530
135.40   0.86052490
135.50   0.86051452
135.60   0.86050416
135.70   0.86049382
135.80   0.86048349
135.90   0.86047318
136.00   0.86046288
136.10   0.86045260
136.20   0.86044234
136.30   0.86043209
136.40   0.86042187
136.50   0.86041165
136.60   0.86040146
136.70   0.86039128
136.80   0.86038112
136.90   0.86037097
137.00   0.86036085
137.10   0.86035073
137.20   0.86034064
137.30   0.86033056
137.40   0.86032049
137.50   0.86031045
137.60   0.86030042
137.70   0.86029040
137.80   0.86028041
137.90   0.86027042
138.00   0.86026046
138.10   0.86025051
138.20   0.86024058
138.30   0.86023066
138.40   0.86022076
138.50   0.86021088
138.60   0.86020101
138.70   0.86019116
138.80   0.86018132
138.90   0.86017150
139.00   0.86016170
139.10   0.86015191
139.20   0.86014214
139.30   0.86013238
139.40   0.86012264
139.50   0.86011291
139.60   0.86010321
139.70   0.86009351
139.80   0.86008384
139.90   0.86007417
140.00   0.86006453
140.10   0.86005490
140.20   0.86004528
140.30   0.86003569
140.40   0.86002610
140.50   0.86001654
140.60   0.86000698
140.70   0.85999745
140.80   0.85998793
140.90   0.85997842
141.00   0.85996893
141.10   0.85995946
141.20   0.85995000
141.30   0.85994056
141.40   0.85993113
141.50   0.85992171
141.60   0.85991232
141.70   0.85990293
141.80   0.85989357
141.90   0.85988422
142.00   0.85987488
142.10   0.85986556
142.20   0.85985625
142.30   0.85984696
142.40   0.85983769
142.50   0.85982843
142.60   0.85981918
142.70   0.85980995
142.80   0.85980073
142.90   0.85979153
143.00   0.85978235
143.10   0.85977318
143.20   0.85976402
143.30   0.85975488
143.40   0.85974576
143.50   0.85973665
143.60   0.85972755
143.70   0.85971847
143.80   0.85970940
143.90   0.85970035
144.00   0.85969131
144.10   0.85968229
144.20   0.85967328
144.30   0.85966429
144.40   0.85965531
144.50   0.85964635
144.60   0.85963740
144.70   0.85962847
144.80   0.85961955
144.90   0.85961064
145.00   0.85960175
145.10   0.85959287
145.20   0.85958401
145.30   0.85957516
145.40   0.85956633
145.50   0.85955751
145.60   0.85954871
145.70   0.85953992
145.80   0.85953114
145.90   0.85952238
146.00   0.85951363
146.10   0.85950490
146.20   0.85949618
146.30   0.85948748
146.40   0.85947879
146.50   0.85947011
146.60   0.85946145
146.70   0.85945280
146.80   0.85944417
146.90   0.85943555
147.00   0.85942694
147.10   0.85941835
147.20   0.85940977
147.30   0.85940121
147.40   0.85939266
147.50   0.85938412
147.60   0.85937560
147.70   0.85936709
147.80   0.85935860
147.90   0.85935012
148.00   0.85934165
148.10   0.85933320
148.20   0.85932476
148.30   0.85931633
148.40   0.85930792
148.50   0.85929952
148.60   0.85929114
148.70   0.85928277
148.80   0.85927441
148.90   0.85926607
149.00   0.85925774
149.10   0.85924942
149.20   0.85924112
149.30   0.85923283
149.40   0.85922455
149.50   0.85921629
149.60   0.85920804
149.70   0.85919981
149.80   0.85919158
149.90   0.85918337
150.00   0.85917518
150.10   0.85916700
150.20   0.85915883
150.30   0.85915067
150.40   0.85914253
150.50   0.85913440
150.60   0.85912629
150.70   0.85911819
150.80   0.85911010
150.90   0.85910202
151.00   0.85909396
151.10   0.85908591
151.20   0.85907787
151.30   0.85906985
151.40   0.85906184
151.50   0.85905384
151.60   0.85904586
151.70   0.85903788
151.80   0.85902993
151.90   0.85902198
152.00   0.85901405
152.10   0.85900613
152.20   0.85899822
152.30   0.85899033
152.40   0.85898245
152.50   0.85897458
152.60   0.85896672
152.70   0.85895888
152.80   0.85895105
152.90   0.85894323
153.00   0.85893543
153.10   0.85892764
153.20   0.85891986
153.30   0.85891209
153.40   0.85890434
153.50   0.85889660
153.60   0.85888887
153.70   0.85888116
153.80   0.85887345
153.90   0.85886576
154.00   0.85885808
154.10   0.85885042
154.20   0.85884277
154.30   0.85883512
154.40   0.85882750
154.50   0.85881988
154.60   0.85881228
154.70   0.85880469
154.80   0.85879711
154.90   0.85878954
155.00   0.85878199
155.10   0.85877445
155.20   0.85876692
155.30   0.85875940
155.40   0.85875189
155.50   0.85874440
155.60   0.85873692
155.70   0.85872945
155.80   0.85872200
155.90   0.85871455
156.00   0.85870712
156.10   0.85869970
156.20   0.85869229
156.30   0.85868490
156.40   0.85867751
156.50   0.85867014
156.60   0.85866278
156.70   0.85865543
156.80   0.85864810
156.90   0.85864078
157.00   0.85863346
157.10   0.85862616
157.20   0.85861888
157.30   0.85861160
157.40   0.85860434
157.50   0.85859708
157.60   0.85858984
157.70   0.85858261
157.80   0.85857540
157.90   0.85856819
158.00   0.85856100
158.10   0.85855382
158.20   0.85854665
158.30   0.85853949
158.40   0.85853234
158.50   0.85852520
158.60   0.85851808
158.70   0.85851097
158.80   0.85850387
158.90   0.85849678
159.00   0.85848970
159.10   0.85848264
159.20   0.85847558
159.30   0.85846854
159.40   0.85846151
159.50   0.85845449
159.60   0.85844748
159.70   0.85844048
159.80   0.85843350
159.90   0.85842652
160.00   0.85841956
160.10   0.85841261
160.20   0.85840567
160.30   0.85839874
160.40   0.85839182
160.50   0.85838491
160.60   0.85837802
160.70   0.85837114
160.80   0.85836426
160.90   0.85835740
161.00   0.85835055
161.10   0.85834371
161.20   0.85833688
161.30   0.85833007
161.40   0.85832326
161.50   0.85831647
161.60   0.85830968
161.70   0.85830291
161.80   0.85829615
161.90   0.85828940
162.00   0.85828266
162.10   0.85827593
162.20   0.85826921
162.30   0.85826250
162.40   0.85825581
162.50   0.85824912
162.60   0.85824245
162.70   0.85823579
162.80   0.85822913
162.90   0.85822249
163.00   0.85821586
163.10   0.85820924
163.20   0.85820263
163.30   0.85819603
163.40   0.85818945
163.50   0.85818287
163.60   0.85817630
163.70   0.85816975
163.80   0.85816320
163.90   0.85815667
164.00   0.85815014
164.10   0.85814363
164.20   0.85813713
164.30   0.85813064
164.40   0.85812416
164.50   0.85811769
164.60   0.85811123
164.70   0.85810478
164.80   0.85809834
164.90   0.85809191
165.00   0.85808549
165.10   0.85807908
165.20   0.85807269
165.30   0.85806630
165.40   0.85805992
165.50   0.85805356
165.60   0.85804720
165.70   0.85804086
165.80   0.85803452
165.90   0.85802820
166.00   0.85802188
166.10   0.85801558
166.20   0.85800928
166.30   0.85800300
166.40   0.85799673
166.50   0.85799046
166.60   0.85798421
166.70   0.85797797
166.80   0.85797173
166.90   0.85796551
167.00   0.85795930
167.10   0.85795310
167.20   0.85794691
167.30   0.85794072
167.40   0.85793455
167.50   0.85792839
167.60   0.85792224
167.70   0.85791610
167.80   0.85790996
167.90   0.85790384
168.00   0.85789773
168.10   0.85789163
168.20   0.85788554
168.30   0.85787945
168.40   0.85787338
168.50   0.85786732
168.60   0.85786127
168.70   0.85785522
168.80   0.85784919
168.90   0.85784317
169.00   0.85783716
169.10   0.85783115
169.20   0.85782516
169.30   0.85781917
169.40   0.85781320
169.50   0.85780724
169.60   0.85780128
169.70   0.85779534
169.80   0.85778940
169.90   0.85778348
170.00   0.85777756
170.10   0.85777165
170.20   0.85776576
170.30   0.85775987
170.40   0.85775399
170.50   0.85774812
170.60   0.85774227
170.70   0.85773642
170.80   0.85773058
170.90   0.85772475
171.00   0.85771893
171.10   0.85771312
171.20   0.85770732
171.30   0.85770152
171.40   0.85769574
171.50   0.85768997
171.60   0.85768420
171.70   0.85767845
171.80   0.85767271
171.90   0.85766697
172.00   0.85766124
172.10   0.85765553
172.20   0.85764982
172.30   0.85764412
172.40   0.85763843
172.50   0.85763275
172.60   0.85762708
172.70   0.85762142
172.80   0.85761577
172.90   0.85761012
173.00   0.85760449
173.10   0.85759887
173.20   0.85759325
173.30   0.85758764
173.40   0.85758205
173.50   0.85757646
173.60   0.85757088
173.70   0.85756531
173.80   0.85755975
173.90   0.85755420
174.00   0.85754866
174.10   0.85754312
174.20   0.85753760
174.30   0.85753208
174.40   0.85752658
174.50   0.85752108
174.60   0.85751559
174.70   0.85751011
174.80   0.85750464
174.90   0.85749918
175.00   0.85749372
175.10   0.85748828
175.20   0.85748284
175.30   0.85747742
175.40   0.85747200
175.50   0.85746659
175.60   0.85746119
175.70   0.85745580
175.80   0.85745042
175.90   0.85744504
176.00   0.85743968
176.10   0.85743432
176.20   0.85742898
176.30   0.85742364
176.40   0.85741831
176.50   0.85741299
176.60   0.85740767
176.70   0.85740237
176.80   0.85739707
176.90   0.85739179
177.00   0.85738651
177.10   0.85738124
177.20   0.85737598
177.30   0.85737072
177.40   0.85736548
177.50   0.85736025
177.60   0.85735502
177.70   0.85734980
177.80   0.85734459
177.90   0.85733939
178.00   0.85733420
178.10   0.85732901
178.20   0.85732384
178.30   0.85731867
178.40   0.85731351
178.50   0.85730836
178.60   0.85730322
178.70   0.85729808
178.80   0.85729296
178.90   0.85728784
179.00   0.85728273
179.10   0.85727763
179.20   0.85727254
179.30   0.85726745
179.40   0.85726238
179.50   0.85725731
179.60   0.85725225
179.70   0.85724720
179.80   0.85724216
179.90   0.85723712
180.00   0.85723210
180.10   0.85722708
180.20   0.85722207
180.30   0.85721707
180.40   0.85721207
180.50   0.85720709
180.60   0.85720211
180.70   0.85719714
180.80   0.85719218
180.90   0.85718723
181.00   0.85718228
181.10   0.85717734
181.20   0.85717241
181.30   0.85716749
181.40   0.85716258
181.50   0.85715767
181.60   0.85715278
181.70   0.85714789
181.80   0.85714301
181.90   0.85713813
182.00   0.85713327
182.10   0.85712841
182.20   0.85712356
182.30   0.85711872
182.40   0.85711389
182.50   0.85710906
182.60   0.85710424
182.70   0.85709943
182.80   0.85709463
182.90   0.85708984
183.00   0.85708505
183.10   0.85708027
183.20   0.85707550
183.30   0.85707074
183.40   0.85706598
183.50   0.85706123
183.60   0.85705649
183.70   0.85705176
183.80   0.85704704
183.90   0.85704232
184.00   0.85703761
184.10   0.85703291
184.20   0.85702822
184.30   0.85702353
184.40   0.85701885
184.50   0.85701418
184.60   0.85700952
184.70   0.85700486
184.80   0.85700021
184.90   0.85699557
185.00   0.85699094
185.10   0.85698631
185.20   0.85698170
185.30   0.85697708
185.40   0.85697248
185.50   0.85696789
185.60   0.85696330
185.70   0.85695872
185.80   0.85695414
185.90   0.85694958
186.00   0.85694502
186.10   0.85694047
186.20   0.85693593
186.30   0.85693139
186.40   0.85692686
186.50   0.85692234
186.60   0.85691783
186.70   0.85691332
186.80   0.85690882
186.90   0.85690433
187.00   0.85689984
187.10   0.85689537
187.20   0.85689090
187.30   0.85688644
187.40   0.85688198
187.50   0.85687753
187.60   0.85687309
187.70   0.85686866
187.80   0.85686423
187.90   0.85685981
188.00   0.85685540
188.10   0.85685099
188.20   0.85684660
188.30   0.85684221
188.40   0.85683782
188.50   0.85683345
188.60   0.85682908
188.70   0.85682472
188.80   0.85682036
188.90   0.85681601
189.00   0.85681167
189.10   0.85680734
189.20   0.85680301
189.30   0.85679869
189.40   0.85679438
189.50   0.85679007
189.60   0.85678578
189.70   0.85678148
189.80   0.85677720
189.90   0.85677292
190.00   0.85676865
190.10   0.85676439
190.20   0.85676013
190.30   0.85675588
190.40   0.85675164
190.50   0.85674740
190.60   0.85674317
190.70   0.85673895
190.80   0.85673474
190.90   0.85673053
191.00   0.85672633
191.10   0.85672213
191.20   0.85671794
191.30   0.85671376
191.40   0.85670959
191.50   0.85670542
191.60   0.85670126
191.70   0.85669711
191.80   0.85669296
191.90   0.85668882
192.00   0.85668468
192.10   0.85668056
192.20   0.85667644
192.30   0.85667232
192.40   0.85666822
192.50   0.85666412
192.60   0.85666002
192.70   0.85665594
192.80   0.85665186
192.90   0.85664778
193.00   0.85664372
193.10   0.85663966
193.20   0.85663560
193.30   0.85663156
193.40   0.85662752
193.50   0.85662348
193.60   0.85661945
193.70   0.85661543
193.80   0.85661142
193.90   0.85660741
194.00   0.85660341
194.10   0.85659942
194.20   0.85659543
194.30   0.85659145
194.40   0.85658747
194.50   0.85658350
194.60   0.85657954
194.70   0.85657558
194.80   0.85657164
194.90   0.85656769
195.00   0.85656376
195.10   0.85655983
195.20   0.85655590
195.30   0.85655199
195.40   0.85654807
195.50   0.85654417
195.60   0.85654027
195.70   0.85653638
195.80   0.85653249
195.90   0.85652862
196.00   0.85652474
196.10   0.85652088
196.20   0.85651702
196.30   0.85651316
196.40   0.85650931
196.50   0.85650547
196.60   0.85650164
196.70   0.85649781
196.80   0.85649399
196.90   0.85649017
197.00   0.85648636
197.10   0.85648256
197.20   0.85647876
197.30   0.85647497
197.40   0.85647118
197.50   0.85646740
197.60   0.85646363
197.70   0.85645986
197.80   0.85645610
197.90   0.85645235
198.00   0.85644860
198.10   0.85644485
198.20   0.85644112
198.30   0.85643739
198.40   0.85643366
198.50   0.85642995
198.60   0.85642623
198.70   0.85642253
198.80   0.85641883
198.90   0.85641513
199.00   0.85641145
199.10   0.85640776
199.20   0.85640409
199.30   0.85640042
199.40   0.85639675
199.50   0.85639309
199.60   0.85638944
199.70   0.85638580
199.80   0.85638216
199.90   0.85637852
200.00   0.85637489
200.10   0.85637127
200.20   0.85636765
200.30   0.85636404
200.40   0.85636044
200.50   0.85635684
200.60   0.85635325
200.70   0.85634966
200.80   0.85634608
200.90   0.85634250
201.00   0.85633893
201.10   0.85633537
201.20   0.85633181
201.30   0.85632826
201.40   0.85632471
201.50   0.85632117
201.60   0.85631764
201.70   0.85631411
201.80   0.85631058
201.90   0.85630706
202.00   0.85630355
202.10   0.85630005
202.20   0.85629655
202.30   0.85629305
202.40   0.85628956
202.50   0.85628608
202.60   0.85628260
202.70   0.85627913
202.80   0.85627566
202.90   0.85627220
203.00   0.85626874
203.10   0.85626530
203.20   0.85626185
203.30   0.85625841
203.40   0.85625498
203.50   0.85625155
203.60   0.85624813
203.70   0.85624471
203.80   0.85624130
203.90   0.85623790
204.00   0.85623450
204.10   0.85623111
204.20   0.85622772
204.30   0.85622433
204.40   0.85622096
204.50   0.85621759
204.60   0.85621422
204.70   0.85621086
204.80   0.85620750
204.90   0.85620415
205.00   0.85620081
205.10   0.85619747
205.20   0.85619414
205.30   0.85619081
205.40   0.85618748
205.50   0.85618417
205.60   0.85618085
205.70   0.85617755
205.80   0.85617425
205.90   0.85617095
206.00   0.85616766
206.10   0.85616438
206.20   0.85616110
206.30   0.85615782
206.40   0.85615455
206.50   0.85615129
206.60   0.85614803
206.70   0.85614478
206.80   0.85614153
206.90   0.85613829
207.00   0.85613505
207.10   0.85613182
207.20   0.85612859
207.30   0.85612537
207.40   0.85612215
207.50   0.85611894
207.60   0.85611574
207.70   0.85611254
207.80   0.85610934
207.90   0.85610615
208.00   0.85610296
208.10   0.85609979
208.20   0.85609661
208.30   0.85609344
208.40   0.85609028
208.50   0.85608712
208.60   0.85608396
208.70   0.85608081
208.80   0.85607767
208.90   0.85607453
209.00   0.85607140
209.10   0.85606827
209.20   0.85606515
209.30   0.85606203
209.40   0.85605892
209.50   0.85605581
209.60   0.85605271
209.70   0.85604961
209.80   0.85604651
209.90   0.85604343
210.00   0.85604034
210.10   0.85603727
210.20   0.85603419
210.30   0.85603113
210.40   0.85602806
210.50   0.85602500
210.60   0.85602195
210.70   0.85601890
210.80   0.85601586
210.90   0.85601282
211.00   0.85600979
211.10   0.85600676
211.20   0.85600374
211.30   0.85600072
211.40   0.85599771
211.50   0.85599470
211.60   0.85599170
211.70   0.85598870
211.80   0.85598570
211.90   0.85598271
212.00   0.85597973
212.10   0.85597675
212.20   0.85597378
212.30   0.85597081
212.40   0.85596784
212.50   0.85596488
212.60   0.85596193
212.70   0.85595898
212.80   0.85595603
212.90   0.85595309
213.00   0.85595016
213.10   0.85594723
213.20   0.85594430
213.30   0.85594138
213.40   0.85593846
213.50   0.85593555
213.60   0.85593264
213.70   0.85592974
213.80   0.85592684
213.90   0.85592395
214.00   0.85592106
214.10   0.85591818
214.20   0.85591530
214.30   0.85591242
214.40   0.85590955
214.50   0.85590669
214.60   0.85590383
214.70   0.85590097
214.80   0.85589812
214.90   0.85589528
215.00   0.85589243
215.10   0.85588960
215.20   0.85588677
215.30   0.85588394
215.40   0.85588111
215.50   0.85587830
215.60   0.85587548
215.70   0.85587267
215.80   0.85586987
215.90   0.85586707
216.00   0.85586427
216.10   0.85586148
216.20   0.85585869
216.30   0.85585591
216.40   0.85585313
216.50   0.85585036
216.60   0.85584759
216.70   0.85584483
216.80   0.85584207
216.90   0.85583931
217.00   0.85583656
217.10   0.85583382
217.20   0.85583108
217.30   0.85582834
217.40   0.85582561
217.50   0.85582288
217.60   0.85582015
217.70   0.85581744
217.80   0.85581472
217.90   0.85581201
218.00   0.85580930
218.10   0.85580660
218.20   0.85580391
218.30   0.85580121
218.40   0.85579852
218.50   0.85579584
218.60   0.85579316
218.70   0.85579048
218.80   0.85578781
218.90   0.85578515
219.00   0.85578248
219.10   0.85577983
219.20   0.85577717
219.30   0.85577452
219.40   0.85577188
219.50   0.85576924
219.60   0.85576660
219.70   0.85576397
219.80   0.85576134
219.90   0.85575872
220.00   0.85575610
220.10   0.85575348
220.20   0.85575087
220.30   0.85574827
220.40   0.85574566
220.50   0.85574307
220.60   0.85574047
220.70   0.85573788
220.80   0.85573530
220.90   0.85573272
221.00   0.85573014
221.10   0.85572757
221.20   0.85572500
221.30   0.85572243
221.40   0.85571987
221.50   0.85571732
221.60   0.85571477
221.70   0.85571222
221.80   0.85570967
221.90   0.85570713
222.00   0.85570460
222.10   0.85570207
222.20   0.85569954
222.30   0.85569702
222.40   0.85569450
222.50   0.85569199
222.60   0.85568947
222.70   0.85568697
222.80   0.85568447
222.90   0.85568197
223.00   0.85567947
223.10   0.85567698
223.20   0.85567450
223.30   0.85567201
223.40   0.85566954
223.50   0.85566706
223.60   0.85566459
223.70   0.85566213
223.80   0.85565966
223.90   0.85565721
224.00   0.85565475
224.10   0.85565230
224.20   0.85564986
224.30   0.85564741
224.40   0.85564498
224.50   0.85564254
224.60   0.85564011
224.70   0.85563769
224.80   0.85563526
224.90   0.85563284
225.00   0.85563043
225.10   0.85562802
225.20   0.85562561
225.30   0.85562321
225.40   0.85562081
225.50   0.85561842
225.60   0.85561603
225.70   0.85561364
225.80   0.85561126
225.90   0.85560888
226.00   0.85560650
226.10   0.85560413
226.20   0.85560176
226.30   0.85559940
226.40   0.85559704
226.50   0.85559468
226.60   0.85559233
226.70   0.85558998
226.80   0.85558764
226.90   0.85558530
227.00   0.85558296
227.10   0.85558063
227.20   0.85557830
227.30   0.85557597
227.40   0.85557365
227.50   0.85557133
227.60   0.85556902
227.70   0.85556671
227.80   0.85556440
227.90   0.85556210
228.00   0.85555980
228.10   0.85555750
228.20   0.85555521
228.30   0.85555292
228.40   0.85555064
228.50   0.85554836
228.60   0.85554608
228.70   0.85554381
228.80   0.85554154
228.90   0.85553928
229.00   0.85553701
229.10   0.85553476
229.20   0.85553250
229.30   0.85553025
229.40   0.85552800
229.50   0.85552576
229.60   0.85552352
229.70   0.85552128
229.80   0.85551905
229.90   0.85551682
230.00   0.85551460
230.10   0.85551237
230.20   0.85551016
230.30   0.85550794
230.40   0.85550573
230.50   0.85550352
230.60   0.85550132
230.70   0.85549912
230.80   0.85549692
230.90   0.85549473
231.00   0.85549254
231.10   0.85549035
231.20   0.85548817
231.30   0.85548599
231.40   0.85548382
231.50   0.85548165
231.60   0.85547948
231.70   0.85547731
231.80   0.85547515
231.90   0.85547299
232.00   0.85547084
232.10   0.85546869
232.20   0.85546654
232.30   0.85546440
232.40   0.85546226
232.50   0.85546012
232.60   0.85545799
232.70   0.85545586
232.80   0.85545373
232.90   0.85545161
233.00   0.85544949
233.10   0.85544738
233.20   0.85544526
233.30   0.85544315
233.40   0.85544105
233.50   0.85543895
233.60   0.85543685
233.70   0.85543475
233.80   0.85543266
233.90   0.85543057
234.00   0.85542849
234.10   0.85542641
234.20   0.85542433
234.30   0.85542225
234.40   0.85542018
234.50   0.85541811
234.60   0.85541605
234.70   0.85541399
234.80   0.85541193
234.90   0.85540987
235.00   0.85540782
235.10   0.85540578
235.20   0.85540373
235.30   0.85540169
235.40   0.85539965
235.50   0.85539762
235.60   0.85539559
235.70   0.85539356
235.80   0.85539153
235.90   0.85538951
236.00   0.85538749
236.10   0.85538548
236.20   0.85538347
236.30   0.85538146
236.40   0.85537945
236.50   0.85537745
236.60   0.85537545
236.70   0.85537346
236.80   0.85537147
236.90   0.85536948
237.00   0.85536749
237.10   0.85536551
237.20   0.85536353
237.30   0.85536155
237.40   0.85535958
237.50   0.85535761
237.60   0.85535565
237.70   0.85535368
237.80   0.85535172
237.90   0.85534977
238.00   0.85534781
238.10   0.85534586
238.20   0.85534392
238.30   0.85534197
238.40   0.85534003
238.50   0.85533809
238.60   0.85533616
238.70   0.85533423
238.80   0.85533230
238.90   0.85533037
239.00   0.85532845
239.10   0.85532653
239.20   0.85532462
239.30   0.85532271
239.40   0.85532080
239.50   0.85531889
239.60   0.85531699
239.70   0.85531509
239.80   0.85531319
239.90   0.85531130
240.00   0.85530941
240.10   0.85530752
240.20   0.85530563
240.30   0.85530375
240.40   0.85530187
240.50   0.85530000
240.60   0.85529813
240.70   0.85529626
240.80   0.85529439
240.90   0.85529253
241.00   0.85529067
241.10   0.85528881
241.20   0.85528695
241.30   0.85528510
241.40   0.85528326
241.50   0.85528141
241.60   0.85527957
241.70   0.85527773
241.80   0.85527589
241.90   0.85527406
242.00   0.85527223
242.10   0.85527040
242.20   0.85526858
242.30   0.85526676
242.40   0.85526494
242.50   0.85526312
242.60   0.85526131
242.70   0.85525950
242.80   0.85525769
242.90   0.85525589
243.00   0.85525409
243.10   0.85525229
243.20   0.85525050
243.30   0.85524871
243.40   0.85524692
243.50   0.85524513
243.60   0.85524335
243.70   0.85524157
243.80   0.85523979
243.90   0.85523802
244.00   0.85523625
244.10   0.85523448
244.20   0.85523271
244.30   0.85523095
244.40   0.85522919
244.50   0.85522743
244.60   0.85522568
244.70   0.85522393
244.80   0.85522218
244.90   0.85522043
245.00   0.85521869
245.10   0.85521695
245.20   0.85521521
245.30   0.85521348
245.40   0.85521175
245.50   0.85521002
245.60   0.85520829
245.70   0.85520657
245.80   0.85520485
245.90   0.85520313
246.00   0.85520142
246.10   0.85519970
246.20   0.85519799
246.30   0.85519629
246.40   0.85519458
246.50   0.85519288
246.60   0.85519119
246.70   0.85518949
246.80   0.85518780
246.90   0.85518611
247.00   0.85518442
247.10   0.85518274
247.20   0.85518106
247.30   0.85517938
247.40   0.85517770
247.50   0.85517603
247.60   0.85517436
247.70   0.85517269
247.80   0.85517102
247.90   0.85516936
248.00   0.85516770
248.10   0.85516604
248.20   0.85516439
248.30   0.85516274
248.40   0.85516109
248.50   0.85515944
248.60   0.85515780
248.70   0.85515616
248.80   0.85515452
248.90   0.85515289
249.00   0.85515125
249.10   0.85514962
249.20   0.85514799
249.30   0.85514637
249.40   0.85514475
249.50   0.85514313
249.60   0.85514151
249.70   0.85513990
249.80   0.85513829
249.90   0.85513668
250.00   0.85513507
250.10   0.85513347
250.20   0.85513186
250.30   0.85513027
250.40   0.85512867
250.50   0.85512708
250.60   0.85512549
250.70   0.85512390
250.80   0.85512231
250.90   0.85512073
251.00   0.85511915
251.10   0.85511757
251.20   0.85511599
251.30   0.85511442
251.40   0.85511285
251.50   0.85511128
251.60   0.85510972
251.70   0.85510816
251.80   0.85510660
251.90   0.85510504
252.00   0.85510348
252.10   0.85510193
252.20   0.85510038
252.30   0.85509883
252.40   0.85509729
252.50   0.85509575
252.60   0.85509421
252.70   0.85509267
252.80   0.85509113
252.90   0.85508960
253.00   0.85508807
253.10   0.85508654
253.20   0.85508502
253.30   0.85508350
253.40   0.85508198
253.50   0.85508046
253.60   0.85507895
253.70   0.85507743
253.80   0.85507592
253.90   0.85507442
254.00   0.85507291
254.10   0.85507141
254.20   0.85506991
254.30   0.85506841
254.40   0.85506691
254.50   0.85506542
254.60   0.85506393
254.70   0.85506244
254.80   0.85506096
254.90   0.85505947
255.00   0.85505799
255.10   0.85505651
255.20   0.85505504
255.30   0.85505357
255.40   0.85505209
255.50   0.85505063
255.60   0.85504916
255.70   0.85504770
255.80   0.85504623
255.90   0.85504477
256.00   0.85504332
256.10   0.85504186
256.20   0.85504041
256.30   0.85503896
256.40   0.85503751
256.50   0.85503607
256.60   0.85503463
256.70   0.85503319
256.80   0.85503175
256.90   0.85503031
257.00   0.85502888
257.10   0.85502745
257.20   0.85502602
257.30   0.85502459
257.40   0.85502317
257.50   0.85502175
257.60   0.85502033
257.70   0.85501891
257.80   0.85501750
257.90   0.85501608
258.00   0.85501467
258.10   0.85501327
258.20   0.85501186
258.30   0.85501046
258.40   0.85500906
258.50   0.85500766
258.60   0.85500626
258.70   0.85500487
258.80   0.85500347
258.90   0.85500209
259.00   0.85500070
259.10   0.85499931
259.20   0.85499793
259.30   0.85499655
259.40   0.85499517
259.50   0.85499379
259.60   0.85499242
259.70   0.85499105
259.80   0.85498968
259.90   0.85498831
260.00   0.85498695
260.10   0.85498559
260.20   0.85498422
260.30   0.85498287
260.40   0.85498151
260.50   0.85498016
260.60   0.85497880
260.70   0.85497746
260.80   0.85497611
260.90   0.85497476
261.00   0.85497342
261.10   0.85497208
261.20   0.85497074
261.30   0.85496940
261.40   0.85496807
261.50   0.85496674
261.60   0.85496541
261.70   0.85496408
261.80   0.85496276
261.90   0.85496143
262.00   0.85496011
262.10   0.85495879
262.20   0.85495748
262.30   0.85495616
262.40   0.85495485
262.50   0.85495354
262.60   0.85495223
262.70   0.85495092
262.80   0.85494962
262.90   0.85494832
263.00   0.85494702
263.10   0.85494572
263.20   0.85494442
263.30   0.85494313
263.40   0.85494184
263.50   0.85494055
263.60   0.85493926
263.70   0.85493798
263.80   0.85493669
263.90   0.85493541
264.00   0.85493414
264.10   0.85493286
264.20   0.85493158
264.30   0.85493031
264.40   0.85492904
264.50   0.85492777
264.60   0.85492651
264.70   0.85492524
264.80   0.85492398
264.90   0.85492272
265.00   0.85492146
265.10   0.85492021
265.20   0.85491895
265.30   0.85491770
265.40   0.85491645
265.50   0.85491520
265.60   0.85491396
265.70   0.85491271
265.80   0.85491147
265.90   0.85491023
266.00   0.85490899
266.10   0.85490776
266.20   0.85490652
266.30   0.85490529
266.40   0.85490406
266.50   0.85490283
266.60   0.85490161
266.70   0.85490038
266.80   0.85489916
266.90   0.85489794
267.00   0.85489672
267.10   0.85489551
267.20   0.85489429
267.30   0.85489308
267.40   0.85489187
267.50   0.85489067
267.60   0.85488946
267.70   0.85488826
267.80   0.85488705
267.90   0.85488585
268.00   0.85488466
268.10   0.85488346
268.20   0.85488226
268.30   0.85488107
268.40   0.85487988
268.50   0.85487869
268.60   0.85487751
268.70   0.85487632
268.80   0.85487514
268.90   0.85487396
269.00   0.85487278
269.10   0.85487160
269.20   0.85487043
269.30   0.85486926
269.40   0.85486809
269.50   0.85486692
269.60   0.85486575
269.70   0.85486458
269.80   0.85486342
269.90   0.85486226
270.00   0.85486110
270.10   0.85485994
270.20   0.85485879
270.30   0.85485763
270.40   0.85485648
270.50   0.85485533
270.60   0.85485418
270.70   0.85485303
270.80   0.85485189
270.90   0.85485075
271.00   0.85484961
271.10   0.85484847
271.20   0.85484733
271.30   0.85484619
271.40   0.85484506
271.50   0.85484393
271.60   0.85484280
271.70   0.85484167
271.80   0.85484054
271.90   0.85483942
272.00   0.85483830
272.10   0.85483718
272.20   0.85483606
272.30   0.85483494
272.40   0.85483383
272.50   0.85483271
272.60   0.85483160
272.70   0.85483049
272.80   0.85482938
272.90   0.85482828
273.00   0.85482717
273.10   0.85482607
273.20   0.85482497
273.30   0.85482387
273.40   0.85482277
273.50   0.85482168
273.60   0.85482058
273.70   0.85481949
273.80   0.85481840
273.90   0.85481731
274.00   0.85481623
274.10   0.85481514
274.20   0.85481406
274.30   0.85481298
274.40   0.85481190
274.50   0.85481082
274.60   0.85480975
274.70   0.85480867
274.80   0.85480760
274.90   0.85480653
275.00   0.85480546
275.10   0.85480439
275.20   0.85480333
275.30   0.85480226
275.40   0.85480120
275.50   0.85480014
275.60   0.85479908
275.70   0.85479803
275.80   0.85479697
275.90   0.85479592
276.00   0.85479487
276.10   0.85479382
276.20   0.85479277
276.30   0.85479172
276.40   0.85479068
276.50   0.85478963
276.60   0.85478859
276.70   0.85478755
276.80   0.85478651
276.90   0.85478548
277.00   0.85478444
277.10   0.85478341
277.20   0.85478238
277.30   0.85478135
277.40   0.85478032
277.50   0.85477929
277.60   0.85477827
277.70   0.85477725
277.80   0.85477623
277.90   0.85477521
278.00   0.85477419
278.10   0.85477317
278.20   0.85477216
278.30   0.85477114
278.40   0.85477013
278.50   0.85476912
278.60   0.85476811
278.70   0.85476711
278.80   0.85476610
278.90   0.85476510
279.00   0.85476410
279.10   0.85476310
279.20   0.85476210
279.30   0.85476110
279.40   0.85476011
279.50   0.85475912
279.60   0.85475812
279.70   0.85475713
279.80   0.85475615
279.90   0.85475516
280.00   0.85475417
280.10   0.85475319
280.20   0.85475221
280.30   0.85475123
280.40   0.85475025
280.50   0.85474927
280.60   0.85474829
280.70   0.85474732
280.80   0.85474635
280.90   0.85474538
281.00   0.85474441
281.10   0.85474344
281.20   0.85474247
281.30   0.85474151
281.40   0.85474055
281.50   0.85473958
281.60   0.85473862
281.70   0.85473767
281.80   0.85473671
281.90   0.85473575
282.00   0.85473480
282.10   0.85473385
282.20   0.85473290
282.30   0.85473195
282.40   0.85473100
282.50   0.85473006
282.60   0.85472911
282.70   0.85472817
282.80   0.85472723
282.90   0.85472629
283.00   0.85472535
283.10   0.85472441
283.20   0.85472348
283.30   0.85472254
283.40   0.85472161
283.50   0.85472068
283.60   0.85471975
283.70   0.85471882
283.80   0.85471790
283.90   0.85471697
284.00   0.85471605
284.10   0.85471513
284.20   0.85471421
284.30   0.85471329
284.40   0.85471237
284.50   0.85471146
284.60   0.85471054
284.70   0.85470963
284.80   0.85470872
284.90   0.85470781
285.00   0.85470690
285.10   0.85470599
285.20   0.85470509
285.30   0.85470418
285.40   0.85470328
285.50   0.85470238
285.60   0.85470148
285.70   0.85470058
285.80   0.85469969
285.90   0.85469879
286.00   0.85469790
286.10   0.85469701
286.20   0.85469612
286.30   0.85469523
286.40   0.85469434
286.50   0.85469345
286.60   0.85469257
286.70   0.85469168
286.80   0.85469080
286.90   0.85468992
287.00   0.85468904
287.10   0.85468817
287.20   0.85468729
287.30   0.85468641
287.40   0.85468554
287.50   0.85468467
287.60   0.85468380
287.70   0.85468293
287.80   0.85468206
287.90   0.85468120
288.00   0.85468033
288.10   0.85467947
288.20   0.85467861
288.30   0.85467774
288.40   0.85467689
288.50   0.85467603
288.60   0.85467517
288.70   0.85467432
288.80   0.85467346
288.90   0.85467261
289.00   0.85467176
289.10   0.85467091
289.20   0.85467006
289.30   0.85466921
289.40   0.85466837
289.50   0.85466753
289.60   0.85466668
289.70   0.85466584
289.80   0.85466500
289.90   0.85466416
290.00   0.85466333
290.10   0.85466249
290.20   0.85466166
290.30   0.85466082
290.40   0.85465999
290.50   0.85465916
290.60   0.85465833
290.70   0.85465750
290.80   0.85465668
290.90   0.85465585
291.00   0.85465503
291.10   0.85465421
291.20   0.85465339
291.30   0.85465257
291.40   0.85465175
291.50   0.85465093
291.60   0.85465012
291.70   0.85464930
291.80   0.85464849
291.90   0.85464768
292.00   0.85464687
292.10   0.85464606
292.20   0.85464525
292.30   0.85464444
292.40   0.85464364
292.50   0.85464283
292.60   0.85464203
292.70   0.85464123
292.80   0.85464043
292.90   0.85463963
293.00   0.85463884
293.10   0.85463804
293.20   0.85463724
293.30   0.85463645
293.40   0.85463566
293.50   0.85463487
293.60   0.85463408
293.70   0.85463329
293.80   0.85463250
293.90   0.85463172
294.00   0.85463093
294.10   0.85463015
294.20   0.85462937
294.30   0.85462859
294.40   0.85462781
294.50   0.85462703
294.60   0.85462625
294.70   0.85462548
294.80   0.85462471
294.90   0.85462393
295.00   0.85462316
295.10   0.85462239
295.20   0.85462162
295.30   0.85462085
295.40   0.85462009
295.50   0.85461932
295.60   0.85461856
295.70   0.85461779
295.80   0.85461703
295.90   0.85461627
296.00   0.85461551
296.10   0.85461476
296.20   0.85461400
296.30   0.85461324
296.40   0.85461249
296.50   0.85461174
296.60   0.85461098
296.70   0.85461023
296.80   0.85460948
296.90   0.85460874
297.00   0.85460799
297.10   0.85460724
297.20   0.85460650
297.30   0.85460576
297.40   0.85460501
297.50   0.85460427
297.60   0.85460353
297.70   0.85460279
297.80   0.85460206
297.90   0.85460132
298.00   0.85460059
298.10   0.85459985
298.20   0.85459912
298.30   0.85459839
298.40   0.85459766
298.50   0.85459693
298.60   0.85459620
298.70   0.85459548
298.80   0.85459475
298.90   0.85459403
299.00   0.85459330
299.10   0.85459258
299.20   0.85459186
299.30   0.85459114
299.40   0.85459042
299.50   0.85458971
299.60   0.85458899
299.70   0.85458828
299.80   0.85458756
299.90   0.85458685
300.00   0.85458614
