  Time Stress
  0.00   1.54311000
  0.10   1.54096475
  0.20   1.53891331
  0.30   1.53695092
  0.40   1.53507307
  0.50   1.53327548
  0.60   1.53155408
  0.70   1.52990503
  0.80   1.52832468
  0.90   1.52680957
  1.00   1.52535640
  1.10   1.52396207
  1.20   1.52262362
  1.30   1.52133825
  1.40   1.52010331
  1.50   1.51891627
  1.60   1.51777475
  1.70   1.51667648
  1.80   1.51561930
  1.90   1.51460119
  2.00   1.51362020
  2.10   1.51267450
  2.20   1.51176235
  2.30   1.51088210
  2.40   1.51003219
  2.50   1.50921113
  2.60   1.50841752
  2.70   1.50765000
  2.80   1.50690733
  2.90   1.50618829
  3.00   1.50549175
  3.10   1.50481662
  3.20   1.50416188
  3.30   1.50352655
  3.40   1.50290971
  3.50   1.50231049
  3.60   1.50172804
  3.70   1.50116158
  3.80   1.50061037
  3.90   1.50007368
  4.00   1.49955085
  4.10   1.49904124
  4.20   1.49854424
  4.30   1.49805928
  4.40   1.49758580
  4.50   1.49712328
  4.60   1.49667124
  4.70   1.49622921
  4.80   1.49579674
  4.90   1.49537341
  5.00   1.49495882
  5.10   1.49455259
  5.20   1.49415436
  5.30   1.49376379
  5.40   1.49338056
  5.50   1.49300434
  5.60   1.49263486
  5.70   1.49227183
  5.80   1.49191498
  5.90   1.49156408
  6.00   1.49121886
  6.10   1.49087912
  6.20   1.49054463
  6.30   1.49021520
  6.40   1.48989061
  6.50   1.48957070
  6.60   1.48925528
  6.70   1.48894419
  6.80   1.48863726
  6.90   1.48833435
  7.00   1.48803532
  7.10   1.48774002
  7.20   1.48744832
  7.30   1.48716011
  7.40   1.48687526
  7.50   1.48659366
  7.60   1.48631521
  7.70   1.48603980
  7.80   1.48576734
  7.90   1.48549774
  8.00   1.48523090
  8.10   1.48496674
  8.20   1.48470519
  8.30   1.48444617
  8.40   1.48418960
  8.50   1.48393542
  8.60   1.48368356
  8.70   1.48343396
  8.80   1.48318655
  8.90   1.48294129
  9.00   1.48269812
  9.10   1.48245697
  9.20   1.48221781
  9.30   1.48198059
  9.40   1.48174526
  9.50   1.48151178
  9.60   1.48128010
  9.70   1.48105019
  9.80   1.48082201
  9.90   1.48059552
 10.00   1.48037069
 10.10   1.48014748
 10.20   1.47992586
 10.30   1.47970580
 10.40   1.47948728
 10.50   1.47927025
 10.60   1.47905470
 10.70   1.47884060
 10.80   1.47862793
 10.90   1.47841665
 11.00   1.47820676
 11.10   1.47799821
 11.20   1.47779100
 11.30   1.47758510
 11.40   1.47738050
 11.50   1.47717717
 11.60   1.47697509
 11.70   1.47677425
 11.80   1.47657463
 11.90   1.47637622
 12.00   1.47617899
 12.10   1.47598293
 12.20   1.47578802
 12.30   1.47559426
 12.40   1.47540163
 12.50   1.47521011
 12.60   1.47501969
 12.70   1.47483036
 12.80   1.47464211
 12.90   1.47445491
 13.00   1.47426877
 13.10   1.47408367
 13.20   1.47389960
 13.30   1.47371654
 13.40   1.47353449
 13.50   1.47335344
 13.60   1.47317337
 13.70   1.47299429
 13.80   1.47281617
 13.90   1.47263900
 14.00   1.47246279
 14.10   1.47228752
 14.20   1.47211318
 14.30   1.47193976
 14.40   1.47176725
 14.50   1.47159565
 14.60   1.47142495
 14.70   1.47125515
 14.80   1.47108622
 14.90   1.47091817
 15.00   1.47075099
 15.10   1.47058467
 15.20   1.47041920
 15.30   1.47025458
 15.40   1.47009079
 15.50   1.46992785
 15.60   1.46976572
 15.70   1.46960442
 15.80   1.46944393
 15.90   1.46928425
 16.00   1.46912537
 16.10   1.46896728
 16.20   1.46880998
 16.30   1.46865347
 16.40   1.46849773
 16.50   1.46834276
 16.60   1.46818856
 16.70   1.46803512
 16.80   1.46788243
 16.90   1.46773049
 17.00   1.46757929
 17.10   1.46742883
 17.20   1.46727910
 17.30   1.46713010
 17.40   1.46698183
 17.50   1.46683426
 17.60   1.46668741
 17.70   1.46654127
 17.80   1.46639583
 17.90   1.46625108
 18.00   1.46610703
 18.10   1.46596367
 18.20   1.46582098
 18.30   1.46567898
 18.40   1.46553765
 18.50   1.46539698
 18.60   1.46525698
 18.70   1.46511764
 18.80   1.46497895
 18.90   1.46484092
 19.00   1.46470353
 19.10   1.46456678
 19.20   1.46443067
 19.30   1.46429519
 19.40   1.46416034
 19.50   1.46402612
 19.60   1.46389251
 19.70   1.46375952
 19.80   1.46362715
 19.90   1.46349538
 20.00   1.46336422
 20.10   1.46323365
 20.20   1.46310368
 20.30   1.46297431
 20.40   1.46284552
 20.50   1.46271732
 20.60   1.46258969
 20.70   1.46246265
 20.80   1.46233617
 20.90   1.46221027
 21.00   1.46208493
 21.10   1.46196015
 21.20   1.46183593
 21.30   1.46171226
 21.40   1.46158915
 21.50   1.46146658
 21.60   1.46134456
 21.70   1.46122308
 21.80   1.46110213
 21.90   1.46098171
 22.00   1.46086183
 22.10   1.46074247
 22.20   1.46062364
 22.30   1.46050532
 22.40   1.46038752
 22.50   1.46027023
 22.60   1.46015345
 22.70   1.46003718
 22.80   1.45992141
 22.90   1.45980614
 23.00   1.45969137
 23.10   1.45957709
 23.20   1.45946330
 23.30   1.45935000
 23.40   1.45923718
 23.50   1.45912484
 23.60   1.45901298
 23.70   1.45890159
 23.80   1.45879068
 23.90   1.45868023
 24.00   1.45857025
 24.10   1.45846074
 24.20   1.45835168
 24.30   1.45824308
 24.40   1.45813493
 24.50   1.45802723
 24.60   1.45791998
 24.70   1.45781318
 24.80   1.45770682
 24.90   1.45760089
 25.00   1.45749541
 25.10   1.45739036
 25.20   1.45728574
 25.30   1.45718154
 25.40   1.45707778
 25.50   1.45697444
 25.60   1.45687151
 25.70   1.45676901
 25.80   1.45666692
 25.90   1.45656524
 26.00   1.45646397
 26.10   1.45636311
 26.20   1.45626266
 26.30   1.45616260
 26.40   1.45606295
 26.50   1.45596369
 26.60   1.45586483
 26.70   1.45576636
 26.80   1.45566828
 26.90   1.45557058
 27.00   1.45547327
 27.10   1.45537635
 27.20   1.45527980
 27.30   1.45518363
 27.40   1.45508784
 27.50   1.45499242
 27.60   1.45489737
 27.70   1.45480268
 27.80   1.45470837
 27.90   1.45461441
 28.00   1.45452082
 28.10   1.45442759
 28.20   1.45433471
 28.30   1.45424219
 28.40   1.45415002
 28.50   1.45405820
 28.60   1.45396673
 28.70   1.45387561
 28.80   1.45378482
 28.90   1.45369438
 29.00   1.45360428
 29.10   1.45351452
 29.20   1.45342509
 29.30   1.45333600
 29.40   1.45324723
 29.50   1.45315880
 29.60   1.45307069
 29.70   1.45298291
 29.80   1.45289544
 29.90   1.45280831
 30.00   1.45272148
 30.10   1.45263498
 30.20   1.45254879
 30.30   1.45246292
 30.40   1.45237735
 30.50   1.45229210
 30.60   1.45220715
 30.70   1.45212250
 30.80   1.45203817
 30.90   1.45195413
 31.00   1.45187039
 31.10   1.45178695
 31.20   1.45170381
 31.30   1.45162096
 31.40   1.45153840
 31.50   1.45145613
 31.60   1.45137415
 31.70   1.45129246
 31.80   1.45121106
 31.90   1.45112994
 32.00   1.45104910
 32.10   1.45096854
 32.20   1.45088826
 32.30   1.45080825
 32.40   1.45072853
 32.50   1.45064907
 32.60   1.45056989
 32.70   1.45049097
 32.80   1.45041233
 32.90   1.45033395
 33.00   1.45025583
 33.10   1.45017798
 33.20   1.45010040
 33.30   1.45002307
 33.40   1.44994600
 33.50   1.44986919
 33.60   1.44979263
 33.70   1.44971633
 33.80   1.44964028
 33.90   1.44956448
 34.00   1.44948894
 34.10   1.44941364
 34.20   1.44933858
 34.30   1.44926377
 34.40   1.44918921
 34.50   1.44911489
 34.60   1.44904080
 34.70   1.44896696
 34.80   1.44889335
 34.90   1.44881999
 35.00   1.44874685
 35.10   1.44867395
 35.20   1.44860128
 35.30   1.44852885
 35.40   1.44845664
 35.50   1.44838466
 35.60   1.44831290
 35.70   1.44824138
 35.80   1.44817007
 35.90   1.44809899
 36.00   1.44802813
 36.10   1.44795749
 36.20   1.44788707
 36.30   1.44781686
 36.40   1.44774687
 36.50   1.44767710
 36.60   1.44760754
 36.70   1.44753819
 36.80   1.44746906
 36.90   1.44740013
 37.00   1.44733141
 37.10   1.44726290
 37.20   1.44719459
 37.30   1.44712649
 37.40   1.44705860
 37.50   1.44699090
 37.60   1.44692341
 37.70   1.44685612
 37.80   1.44678902
 37.90   1.44672213
 38.00   1.44665543
 38.10   1.44658892
 38.20   1.44652261
 38.30   1.44645650
 38.40   1.44639057
 38.50   1.44632484
 38.60   1.44625929
 38.70   1.44619394
 38.80   1.44612877
 38.90   1.44606379
 39.00   1.44599899
 39.10   1.44593438
 39.20   1.44586995
 39.30   1.44580571
 39.40   1.44574164
 39.50   1.44567776
 39.60   1.44561405
 39.70   1.44555052
 39.80   1.44548717
 39.90   1.44542400
 40.00   1.44536100
 40.10   1.44529817
 40.20   1.44523552
 40.30   1.44517304
 40.40   1.44511073
 40.50   1.44504859
 40.60   1.44498662
 40.70   1.44492481
 40.80   1.44486318
 40.90   1.44480171
 41.00   1.44474040
 41.10   1.44467926
 41.20   1.44461829
 41.30   1.44455747
 41.40   1.44449682
 41.50   1.44443633
 41.60   1.44437599
 41.70   1.44431582
 41.80   1.44425580
 41.90   1.44419595
 42.00   1.44413624
 42.10   1.44407669
 42.20   1.44401730
 42.30   1.44395806
 42.40   1.44389897
 42.50   1.44384004
 42.60   1.44378125
 42.70   1.44372262
 42.80   1.44366413
 42.90   1.44360579
 43.00   1.44354760
 43.10   1.44348956
 43.20   1.44343166
 43.30   1.44337391
 43.40   1.44331630
 43.50   1.44325883
 43.60   1.44320151
 43.70   1.44314433
 43.80   1.44308729
 43.90   1.44303039
 44.00   1.44297363
 44.10   1.44291701
 44.20   1.44286053
 44.30   1.44280419
 44.40   1.44274798
 44.50   1.44269190
 44.60   1.44263596
 44.70   1.44258016
 44.80   1.44252449
 44.90   1.44246895
 45.00   1.44241355
 45.10   1.44235827
 45.20   1.44230313
 45.30   1.44224811
 45.40   1.44219323
 45.50   1.44213847
 45.60   1.44208384
 45.70   1.44202934
 45.80   1.44197497
 45.90   1.44192072
 46.00   1.44186659
 46.10   1.44181259
 46.20   1.44175872
 46.30   1.44170496
 46.40   1.44165133
 46.50   1.44159782
 46.60   1.44154443
 46.70   1.44149117
 46.80   1.44143802
 46.90   1.44138499
 47.00   1.44133208
 47.10   1.44127929
 47.20   1.44122661
 47.30   1.44117405
 47.40   1.44112161
 47.50   1.44106928
 47.60   1.44101707
 47.70   1.44096497
 47.80   1.44091299
 47.90   1.44086111
 48.00   1.44080935
 48.10   1.44075771
 48.20   1.44070617
 48.30   1.44065474
 48.40   1.44060343
 48.50   1.44055222
 48.60   1.44050112
 48.70   1.44045013
 48.80   1.44039925
 48.90   1.44034848
 49.00   1.44029781
 49.10   1.44024724
 49.20   1.44019679
 49.30   1.44014644
 49.40   1.44009619
 49.50   1.44004605
 49.60   1.43999601
 49.70   1.43994607
 49.80   1.43989623
 49.90   1.43984650
 50.00   1.43979687
 50.10   1.43974734
 50.20   1.43969791
 50.30   1.43964858
 50.40   1.43959934
 50.50   1.43955021
 50.60   1.43950118
 50.70   1.43945224
 50.80   1.43940340
 50.90   1.43935465
 51.00   1.43930601
 51.10   1.43925746
 51.20   1.43920900
 51.30   1.43916064
 51.40   1.43911237
 51.50   1.43906420
 51.60   1.43901612
 51.70   1.43896813
 51.80   1.43892023
 51.90   1.43887243
 52.00   1.43882472
 52.10   1.43877710
 52.20   1.43872957
 52.30   1.43868213
 52.40   1.43863478
 52.50   1.43858752
 52.60   1.43854035
 52.70   1.43849326
 52.80   1.43844627
 52.90   1.43839936
 53.00   1.43835254
 53.10   1.43830580
 53.20   1.43825916
 53.30   1.43821259
 53.40   1.43816612
 53.50   1.43811972
 53.60   1.43807342
 53.70   1.43802719
 53.80   1.43798105
 53.90   1.43793500
 54.00   1.43788903
 54.10   1.43784313
 54.20   1.43779733
 54.30   1.43775160
 54.40   1.43770595
 54.50   1.43766039
 54.60   1.43761491
 54.70   1.43756950
 54.80   1.43752418
 54.90   1.43747894
 55.00   1.43743377
 55.10   1.43738868
 55.20   1.43734368
 55.30   1.43729875
 55.40   1.43725389
 55.50   1.43720912
 55.60   1.43716442
 55.70   1.43711980
 55.80   1.43707525
 55.90   1.43703078
 56.00   1.43698639
 56.10   1.43694207
 56.20   1.43689782
 56.30   1.43685365
 56.40   1.43680956
 56.50   1.43676554
 56.60   1.43672159
 56.70   1.43667771
 56.80   1.43663391
 56.90   1.43659018
 57.00   1.43654652
 57.10   1.43650293
 57.20   1.43645942
 57.30   1.43641597
 57.40   1.43637260
 57.50   1.43632929
 57.60   1.43628606
 57.70   1.43624290
 57.80   1.43619980
 57.90   1.43615678
 58.00   1.43611382
 58.10   1.43607093
 58.20   1.43602812
 58.30   1.43598536
 58.40   1.43594268
 58.50   1.43590006
 58.60   1.43585752
 58.70   1.43581503
 58.80   1.43577262
 58.90   1.43573027
 59.00   1.43568798
 59.10   1.43564577
 59.20   1.43560361
 59.30   1.43556152
 59.40   1.43551950
 59.50   1.43547754
 59.60   1.43543565
 59.70   1.43539382
 59.80   1.43535205
 59.90   1.43531035
 60.00   1.43526871
 60.10   1.43522713
 60.20   1.43518561
 60.30   1.43514416
 60.40   1.43510277
 60.50   1.43506144
 60.60   1.43502017
 60.70   1.43497897
 60.80   1.43493782
 60.90   1.43489673
 61.00   1.43485571
 61.10   1.43481475
 61.20   1.43477384
 61.30   1.43473300
 61.40   1.43469221
 61.50   1.43465149
 61.60   1.43461082
 61.70   1.43457021
 61.80   1.43452966
 61.90   1.43448917
 62.00   1.43444874
 62.10   1.43440836
 62.20   1.43436804
 62.30   1.43432778
 62.40   1.43428758
 62.50   1.43424743
 62.60   1.43420734
 62.70   1.43416730
 62.80   1.43412733
 62.90   1.43408740
 63.00   1.43404754
 63.10   1.43400772
 63.20   1.43396797
 63.30   1.43392827
 63.40   1.43388862
 63.50   1.43384903
 63.60   1.43380949
 63.70   1.43377001
 63.80   1.43373058
 63.90   1.43369120
 64.00   1.43365188
 64.10   1.43361261
 64.20   1.43357340
 64.30   1.43353424
 64.40   1.43349512
 64.50   1.43345607
 64.60   1.43341706
 64.70   1.43337811
 64.80   1.43333921
 64.90   1.43330036
 65.00   1.43326156
 65.10   1.43322281
 65.20   1.43318411
 65.30   1.43314547
 65.40   1.43310687
 65.50   1.43306833
 65.60   1.43302984
 65.70   1.43299139
 65.80   1.43295300
 65.90   1.43291466
 66.00   1.43287636
 66.10   1.43283812
 66.20   1.43279992
 66.30   1.43276177
 66.40   1.43272367
 66.50   1.43268562
 66.60   1.43264762
 66.70   1.43260967
 66.80   1.43257177
 66.90   1.43253391
 67.00   1.43249610
 67.10   1.43245834
 67.20   1.43242062
 67.30   1.43238296
 67.40   1.43234534
 67.50   1.43230776
 67.60   1.43227024
 67.70   1.43223276
 67.80   1.43219532
 67.90   1.43215794
 68.00   1.43212060
 68.10   1.43208330
 68.20   1.43204605
 68.30   1.43200885
 68.40   1.43197169
 68.50   1.43193457
 68.60   1.43189751
 68.70   1.43186048
 68.80   1.43182350
 68.90   1.43178657
 69.00   1.43174968
 69.10   1.43171284
 69.20   1.43167603
 69.30   1.43163928
 69.40   1.43160256
 69.50   1.43156589
 69.60   1.43152927
 69.70   1.43149269
 69.80   1.43145615
 69.90   1.43141965
 70.00   1.43138320
 70.10   1.43134679
 70.20   1.43131042
 70.30   1.43127409
 70.40   1.43123781
 70.50   1.43120157
 70.60   1.43116537
 70.70   1.43112921
 70.80   1.43109310
 70.90   1.43105703
 71.00   1.43102099
 71.10   1.43098500
 71.20   1.43094905
 71.30   1.43091315
 71.40   1.43087728
 71.50   1.43084145
 71.60   1.43080567
 71.70   1.43076992
 71.80   1.43073422
 71.90   1.43069856
 72.00   1.43066293
 72.10   1.43062735
 72.20   1.43059181
 72.30   1.43055630
 72.40   1.43052084
 72.50   1.43048542
 72.60   1.43045003
 72.70   1.43041468
 72.80   1.43037938
 72.90   1.43034411
 73.00   1.43030888
 73.10   1.43027369
 73.20   1.43023854
 73.30   1.43020343
 73.40   1.43016836
 73.50   1.43013332
 73.60   1.43009833
 73.70   1.43006337
 73.80   1.43002845
 73.90   1.42999356
 74.00   1.42995872
 74.10   1.42992391
 74.20   1.42988914
 74.30   1.42985441
 74.40   1.42981972
 74.50   1.42978506
 74.60   1.42975044
 74.70   1.42971585
 74.80   1.42968131
 74.90   1.42964680
 75.00   1.42961232
 75.10   1.42957789
 75.20   1.42954349
 75.30   1.42950912
 75.40   1.42947480
 75.50   1.42944051
 75.60   1.42940625
 75.70   1.42937203
 75.80   1.42933785
 75.90   1.42930370
 76.00   1.42926959
 76.10   1.42923551
 76.20   1.42920147
 76.30   1.42916746
 76.40   1.42913349
 76.50   1.42909956
 76.60   1.42906566
 76.70   1.42903179
 76.80   1.42899796
 76.90   1.42896417
 77.00   1.42893041
 77.10   1.42889668
 77.20   1.42886299
 77.30   1.42882933
 77.40   1.42879571
 77.50   1.42876212
 77.60   1.42872856
 77.70   1.42869504
 77.80   1.42866155
 77.90   1.42862810
 78.00   1.42859468
 78.10   1.42856130
 78.20   1.42852794
 78.30   1.42849462
 78.40   1.42846134
 78.50   1.42842809
 78.60   1.42839487
 78.70   1.42836168
 78.80   1.42832853
 78.90   1.42829541
 79.00   1.42826232
 79.10   1.42822927
 79.20   1.42819625
 79.30   1.42816326
 79.40   1.42813030
 79.50   1.42809738
 79.60   1.42806448
 79.70   1.42803162
 79.80   1.42799880
 79.90   1.42796600
 80.00   1.42793324
 80.10   1.42790051
 80.20   1.42786781
 80.30   1.42783514
 80.40   1.42780250
 80.50   1.42776990
 80.60   1.42773733
 80.70   1.42770479
 80.80   1.42767228
 80.90   1.42763980
 81.00   1.42760735
 81.10   1.42757493
 81.20   1.42754255
 81.30   1.42751019
 81.40   1.42747787
 81.50   1.42744558
 81.60   1.42741332
 81.70   1.42738108
 81.80   1.42734888
 81.90   1.42731671
 82.00   1.42728458
 82.10   1.42725247
 82.20   1.42722039
 82.30   1.42718834
 82.40   1.42715632
 82.50   1.42712433
 82.60   1.42709238
 82.70   1.42706045
 82.80   1.42702855
 82.90   1.42699668
 83.00   1.42696484
 83.10   1.42693304
 83.20   1.42690126
 83.30   1.42686951
 83.40   1.42683779
 83.50   1.42680610
 83.60   1.42677444
 83.70   1.42674280
 83.80   1.42671120
 83.90   1.42667963
 84.00   1.42664808
 84.10   1.42661657
 84.20   1.42658508
 84.30   1.42655363
 84.40   1.42652220
 84.50   1.42649080
 84.60   1.42645943
 84.70   1.42642809
 84.80   1.42639677
 84.90   1.42636549
 85.00   1.42633423
 85.10   1.42630300
 85.20   1.42627180
 85.30   1.42624063
 85.40   1.42620949
 85.50   1.42617837
 85.60   1.42614729
 85.70   1.42611623
 85.80   1.42608520
 85.90   1.42605419
 86.00   1.42602322
 86.10   1.42599227
 86.20   1.42596135
 86.30   1.42593046
 86.40   1.42589960
 86.50   1.42586876
 86.60   1.42583795
 86.70   1.42580717
 86.80   1.42577642
 86.90   1.42574569
 87.00   1.42571499
 87.10   1.42568432
 87.20   1.42565367
 87.30   1.42562306
 87.40   1.42559247
 87.50   1.42556190
 87.60   1.42553137
 87.70   1.42550086
 87.80   1.42547037
 87.90   1.42543992
 88.00   1.42540949
 88.10   1.42537909
 88.20   1.42534871
 88.30   1.42531836
 88.40   1.42528804
 88.50   1.42525774
 88.60   1.42522747
 88.70   1.42519723
 88.80   1.42516701
 88.90   1.42513682
 89.00   1.42510666
 89.10   1.42507652
 89.20   1.42504641
 89.30   1.42501632
 89.40   1.42498627
 89.50   1.42495623
 89.60   1.42492622
 89.70   1.42489624
 89.80   1.42486629
 89.90   1.42483636
 90.00   1.42480645
 90.10   1.42477657
 90.20   1.42474672
 90.30   1.42471689
 90.40   1.42468709
 90.50   1.42465732
 90.60   1.42462757
 90.70   1.42459784
 90.80   1.42456814
 90.90   1.42453847
 91.00   1.42450882
 91.10   1.42447919
 91.20   1.42444960
 91.30   1.42442002
 91.40   1.42439047
 91.50   1.42436095
 91.60   1.42433145
 91.70   1.42430198
 91.80   1.42427253
 91.90   1.42424311
 92.00   1.42421371
 92.10   1.42418434
 92.20   1.42415499
 92.30   1.42412566
 92.40   1.42409636
 92.50   1.42406709
 92.60   1.42403784
 92.70   1.42400861
 92.80   1.42397941
 92.90   1.42395023
 93.00   1.42392108
 93.10   1.42389195
 93.20   1.42386285
 93.30   1.42383377
 93.40   1.42380472
 93.50   1.42377569
 93.60   1.42374668
 93.70   1.42371770
 93.80   1.42368874
 93.90   1.42365981
 94.00   1.42363090
 94.10   1.42360201
 94.20   1.42357315
 94.30   1.42354431
 94.40   1.42351550
 94.50   1.42348671
 94.60   1.42345794
 94.70   1.42342920
 94.80   1.42340048
 94.90   1.42337178
 95.00   1.42334311
 95.10   1.42331446
 95.20   1.42328584
 95.30   1.42325724
 95.40   1.42322866
 95.50   1.42320010
 95.60   1.42317157
 95.70   1.42314307
 95.80   1.42311458
 95.90   1.42308612
 96.00   1.42305768
 96.10   1.42302927
 96.20   1.42300088
 96.30   1.42297251
 96.40   1.42294417
 96.50   1.42291585
 96.60   1.42288755
 96.70   1.42285927
 96.80   1.42283102
 96.90   1.42280279
 97.00   1.42277458
 97.10   1.42274640
 97.20   1.42271824
 97.30   1.42269010
 97.40   1.42266199
 97.50   1.42263389
 97.60   1.42260582
 97.70   1.42257778
 97.80   1.42254975
 97.90   1.42252175
 98.00   1.42249377
 98.10   1.42246581
 98.20   1.42243788
 98.30   1.42240997
 98.40   1.42238208
 98.50   1.42235421
 98.60   1.42232637
 98.70   1.42229855
 98.80   1.42227075
 98.90   1.42224297
 99.00   1.42221522
 99.10   1.42218748
 99.20   1.42215977
 99.30   1.42213208
 99.40   1.42210442
 99.50   1.42207677
 99.60   1.42204915
 99.70   1.42202155
 99.80   1.42199397
 99.90   1.42196642
100.00   1.42193888
100.10   1.42191137
100.20   1.42188388
100.30   1.42185641
100.40   1.42182897
100.50   1.42180154
100.60   1.42177414
100.70   1.42174676
100.80   1.42171940
100.90   1.42169206
101.00   1.42166474
101.10   1.42163745
101.20   1.42161017
101.30   1.42158292
101.40   1.42155569
101.50   1.42152848
101.60   1.42150130
101.70   1.42147413
101.80   1.42144699
101.90   1.42141987
102.00   1.42139276
102.10   1.42136568
102.20   1.42133863
102.30   1.42131159
102.40   1.42128457
102.50   1.42125758
102.60   1.42123060
102.70   1.42120365
102.80   1.42117672
102.90   1.42114981
103.00   1.42112292
103.10   1.42109605
103.20   1.42106920
103.30   1.42104238
103.40   1.42101557
103.50   1.42098879
103.60   1.42096202
103.70   1.42093528
103.80   1.42090856
103.90   1.42088186
104.00   1.42085518
104.10   1.42082852
104.20   1.42080188
104.30   1.42077527
104.40   1.42074867
104.50   1.42072209
104.60   1.42069554
104.70   1.42066900
104.80   1.42064249
104.90   1.42061599
105.00   1.42058952
105.10   1.42056307
105.20   1.42053664
105.30   1.42051023
105.40   1.42048383
105.50   1.42045746
105.60   1.42043111
105.70   1.42040478
105.80   1.42037847
105.90   1.42035219
106.00   1.42032592
106.10   1.42029967
106.20   1.42027344
106.30   1.42024723
106.40   1.42022104
106.50   1.42019488
106.60   1.42016873
106.70   1.42014260
106.80   1.42011649
106.90   1.42009041
107.00   1.42006434
107.10   1.42003829
107.20   1.42001227
107.30   1.41998626
107.40   1.41996027
107.50   1.41993431
107.60   1.41990836
107.70   1.41988243
107.80   1.41985652
107.90   1.41983064
108.00   1.41980477
108.10   1.41977892
108.20   1.41975309
108.30   1.41972729
108.40   1.41970150
108.50   1.41967573
108.60   1.41964998
108.70   1.41962425
108.80   1.41959854
108.90   1.41957285
109.00   1.41954718
109.10   1.41952153
109.20   1.41949590
109.30   1.41947029
109.40   1.41944469
109.50   1.41941912
109.60   1.41939357
109.70   1.41936804
109.80   1.41934252
109.90   1.41931703
110.00   1.41929155
110.10   1.41926609
110.20   1.41924066
110.30   1.41921524
110.40   1.41918984
110.50   1.41916446
110.60   1.41913910
110.70   1.41911376
110.80   1.41908844
110.90   1.41906314
111.00   1.41903786
111.10   1.41901260
111.20   1.41898735
111.30   1.41896213
111.40   1.41893692
111.50   1.41891173
111.60   1.41888657
111.70   1.41886142
111.80   1.41883629
111.90   1.41881118
112.00   1.41878609
112.10   1.41876101
112.20   1.41873596
112.30   1.41871092
112.40   1.41868591
112.50   1.41866091
112.60   1.41863593
112.70   1.41861097
112.80   1.41858603
112.90   1.41856111
113.00   1.41853621
113.10   1.41851132
113.20   1.41848646
113.30   1.41846161
113.40   1.41843678
113.50   1.41841197
113.60   1.41838718
113.70   1.41836241
113.80   1.41833766
113.90   1.41831292
114.00   1.41828821
114.10   1.41826351
114.20   1.41823883
114.30   1.41821417
114.40   1.41818953
114.50   1.41816490
114.60   1.41814030
114.70   1.41811571
114.80   1.41809114
114.90   1.41806659
115.00   1.41804206
115.10   1.41801755
115.20   1.41799306
115.30   1.41796858
115.40   1.41794412
115.50   1.41791968
115.60   1.41789526
115.70   1.41787086
115.80   1.41784647
115.90   1.41782211
116.00   1.41779776
116.10   1.41777343
116.20   1.41774912
116.30   1.41772482
116.40   1.41770055
116.50   1.41767629
116.60   1.41765205
116.70   1.41762783
116.80   1.41760363
116.90   1.41757944
117.00   1.41755527
117.10   1.41753112
117.20   1.41750699
117.30   1.41748288
117.40   1.41745879
117.50   1.41743471
117.60   1.41741065
117.70   1.41738661
117.80   1.41736259
117.90   1.41733858
118.00   1.41731459
118.10   1.41729062
118.20   1.41726667
118.30   1.41724274
118.40   1.41721882
118.50   1.41719492
118.60   1.41717104
118.70   1.41714718
118.80   1.41712333
118.90   1.41709951
119.00   1.41707570
119.10   1.41705190
119.20   1.41702813
119.30   1.41700437
119.40   1.41698063
119.50   1.41695691
119.60   1.41693321
119.70   1.41690952
119.80   1.41688585
119.90   1.41686220
120.00   1.41683857
120.10   1.41681495
120.20   1.41679135
120.30   1.41676777
120.40   1.41674421
120.50   1.41672066
120.60   1.41669713
120.70   1.41667362
120.80   1.41665013
120.90   1.41662665
121.00   1.41660319
121.10   1.41657975
121.20   1.41655633
121.30   1.41653292
121.40   1.41650953
121.50   1.41648616
121.60   1.41646280
121.70   1.41643946
121.80   1.41641614
121.90   1.41639284
122.00   1.41636955
122.10   1.41634628
122.20   1.41632303
122.30   1.41629980
122.40   1.41627658
122.50   1.41625338
122.60   1.41623020
122.70   1.41620703
122.80   1.41618388
122.90   1.41616075
123.00   1.41613763
123.10   1.41611454
123.20   1.41609145
123.30   1.41606839
123.40   1.41604534
123.50   1.41602231
123.60   1.41599930
123.70   1.41597630
123.80   1.41595333
123.90   1.41593036
124.00   1.41590742
124.10   1.41588449
124.20   1.41586158
124.30   1.41583868
124.40   1.41581581
124.50   1.41579294
124.60   1.41577010
124.70   1.41574727
124.80   1.41572446
124.90   1.41570167
125.00   1.41567889
125.10   1.41565613
125.20   1.41563339
125.30   1.41561066
125.40   1.41558795
125.50   1.41556526
125.60   1.41554258
125.70   1.41551992
125.80   1.41549728
125.90   1.41547465
126.00   1.41545204
126.10   1.41542945
126.20   1.41540687
126.30   1.41538431
126.40   1.41536177
126.50   1.41533924
126.60   1.41531673
126.70   1.41529423
126.80   1.41527176
126.90   1.41524929
127.00   1.41522685
127.10   1.41520442
127.20   1.41518201
127.30   1.41515961
127.40   1.41513723
127.50   1.41511487
127.60   1.41509253
127.70   1.41507020
127.80   1.41504788
127.90   1.41502558
128.00   1.41500330
128.10   1.41498104
128.20   1.41495879
128.30   1.41493656
128.40   1.41491434
128.50   1.41489214
128.60   1.41486996
128.70   1.41484779
128.80   1.41482564
128.90   1.41480351
129.00   1.41478139
129.10   1.41475929
129.20   1.41473720
129.30   1.41471513
129.40   1.41469308
129.50   1.41467104
129.60   1.41464902
129.70   1.41462701
129.80   1.41460502
129.90   1.41458305
130.00   1.41456109
130.10   1.41453915
130.20   1.41451723
130.30   1.41449532
130.40   1.41447343
130.50   1.41445155
130.60   1.41442969
130.70   1.41440784
130.80   1.41438601
130.90   1.41436420
131.00   1.41434240
131.10   1.41432062
131.20   1.41429886
131.30   1.41427711
131.40   1.41425537
131.50   1.41423365
131.60   1.41421195
131.70   1.41419027
131.80   1.41416860
131.90   1.41414694
132.00   1.41412530
132.10   1.41410368
132.20   1.41408207
132.30   1.41406048
132.40   1.41403890
132.50   1.41401734
132.60   1.41399580
132.70   1.41397427
132.80   1.41395276
132.90   1.41393126
133.00   1.41390978
133.10   1.41388831
133.20   1.41386686
133.30   1.41384543
133.40   1.41382401
133.50   1.41380261
133.60   1.41378122
133.70   1.41375985
133.80   1.41373849
133.90   1.41371715
134.00   1.41369582
134.10   1.41367451
134.20   1.41365322
134.30   1.41363194
134.40   1.41361067
134.50   1.41358943
134.60   1.41356819
134.70   1.41354698
134.80   1.41352577
134.90   1.41350459
135.00   1.41348342
135.10   1.41346226
135.20   1.41344112
135.30   1.41342000
135.40   1.41339889
135.50   1.41337779
135.60   1.41335671
135.70   1.41333565
135.80   1.41331460
135.90   1.41329357
136.00   1.41327255
136.10   1.41325155
136.20   1.41323056
136.30   1.41320959
136.40   1.41318863
136.50   1.41316769
136.60   1.41314677
136.70   1.41312586
136.80   1.41310496
136.90   1.41308408
137.00   1.41306321
137.10   1.41304236
137.20   1.41302153
137.30   1.41300071
137.40   1.41297990
137.50   1.41295911
137.60   1.41293834
137.70   1.41291758
137.80   1.41289684
137.90   1.41287611
138.00   1.41285539
138.10   1.41283469
138.20   1.41281401
138.30   1.41279334
138.40   1.41277269
138.50   1.41275205
138.60   1.41273142
138.70   1.41271081
138.80   1.41269022
138.90   1.41266964
139.00   1.41264907
139.10   1.41262852
139.20   1.41260799
139.30   1.41258747
139.40   1.41256696
139.50   1.41254647
139.60   1.41252600
139.70   1.41250554
139.80   1.41248509
139.90   1.41246466
140.00   1.41244425
140.10   1.41242385
140.20   1.41240346
140.30   1.41238309
140.40   1.41236273
140.50   1.41234239
140.60   1.41232206
140.70   1.41230175
140.80   1.41228145
140.90   1.41226117
141.00   1.41224090
141.10   1.41222065
141.20   1.41220041
141.30   1.41218018
141.40   1.41215997
141.50   1.41213978
141.60   1.41211960
141.70   1.41209943
141.80   1.41207928
141.90   1.41205914
142.00   1.41203902
142.10   1.41201891
142.20   1.41199882
142.30   1.41197874
142.40   1.41195868
142.50   1.41193863
142.60   1.41191859
142.70   1.41189857
142.80   1.41187857
142.90   1.41185858
143.00   1.41183860
143.10   1.41181864
143.20   1.41179869
143.30   1.41177876
143.40   1.41175884
143.50   1.41173893
143.60   1.41171904
143.70   1.41169917
143.80   1.41167930
143.90   1.41165946
144.00   1.41163962
144.10   1.41161981
144.20   1.41160000
144.30   1.41158021
144.40   1.41156044
144.50   1.41154068
144.60   1.41152093
144.70   1.41150120
144.80   1.41148148
144.90   1.41146177
145.00   1.41144208
145.10   1.41142241
145.20   1.41140275
145.30   1.41138310
145.40   1.41136347
145.50   1.41134385
145.60   1.41132424
145.70   1.41130465
145.80   1.41128508
145.90   1.41126551
146.00   1.41124597
146.10   1.41122643
146.20   1.41120691
146.30   1.41118741
146.40   1.41116792
146.50   1.41114844
146.60   1.41112898
146.70   1.41110953
146.80   1.41109009
146.90   1.41107067
147.00   1.41105126
147.10   1.41103187
147.20   1.41101249
147.30   1.41099313
147.40   1.41097377
147.50   1.41095444
147.60   1.41093511
147.70   1.41091580
147.80   1.41089651
147.90   1.41087723
148.00   1.41085796
148.10   1.41083871
148.20   1.41081947
148.30   1.41080024
148.40   1.41078103
148.50   1.41076183
148.60   1.41074265
148.70   1.41072348
148.80   1.41070432
148.90   1.41068518
149.00   1.41066605
149.10   1.41064694
149.20   1.41062783
149.30   1.41060875
149.40   1.41058967
149.50   1.41057061
149.60   1.41055157
149.70   1.41053254
149.80   1.41051352
149.90   1.41049451
150.00   1.41047552
150.10   1.41045654
150.20   1.41043758
150.30   1.41041863
150.40   1.41039969
150.50   1.41038077
150.60   1.41036186
150.70   1.41034297
150.80   1.41032409
150.90   1.41030522
151.00   1.41028636
151.10   1.41026752
151.20   1.41024869
151.30   1.41022988
151.40   1.41021108
151.50   1.41019229
151.60   1.41017352
151.70   1.41015476
151.80   1.41013602
151.90   1.41011728
152.00   1.41009856
152.10   1.41007986
152.20   1.41006117
152.30   1.41004249
152.40   1.41002382
152.50   1.41000517
152.60   1.40998653
152.70   1.40996791
152.80   1.40994930
152.90   1.40993070
153.00   1.40991212
153.10   1.40989355
153.20   1.40987499
153.30   1.40985644
153.40   1.40983791
153.50   1.40981940
153.60   1.40980089
153.70   1.40978240
153.80   1.40976392
153.90   1.40974546
154.00   1.40972701
154.10   1.40970857
154.20   1.40969015
154.30   1.40967174
154.40   1.40965334
154.50   1.40963495
154.60   1.40961658
154.70   1.40959823
154.80   1.40957988
154.90   1.40956155
155.00   1.40954323
155.10   1.40952493
155.20   1.40950664
155.30   1.40948836
155.40   1.40947009
155.50   1.40945184
155.60   1.40943360
155.70   1.40941537
155.80   1.40939716
155.90   1.40937896
156.00   1.40936077
156.10   1.40934260
156.20   1.40932444
156.30   1.40930629
156.40   1.40928816
156.50   1.40927004
156.60   1.40925193
156.70   1.40923384
156.80   1.40921575
156.90   1.40919768
157.00   1.40917963
157.10   1.40916159
157.20   1.40914356
157.30   1.40912554
157.40   1.40910753
157.50   1.40908954
157.60   1.40907157
157.70   1.40905360
157.80   1.40903565
157.90   1.40901771
158.00   1.40899978
158.10   1.40898187
158.20   1.40896397
158.30   1.40894608
158.40   1.40892821
158.50   1.40891035
158.60   1.40889250
158.70   1.40887466
158.80   1.40885684
158.90   1.40883903
159.00   1.40882123
159.10   1.40880344
159.20   1.40878567
159.30   1.40876791
159.40   1.40875017
159.50   1.40873243
159.60   1.40871471
159.70   1.40869700
159.80   1.40867931
159.90   1.40866163
160.00   1.40864396
160.10   1.40862630
160.20   1.40860865
160.30   1.40859102
160.40   1.40857340
160.50   1.40855580
160.60   1.40853820
160.70   1.40852062
160.80   1.40850305
160.90   1.40848550
161.00   1.40846796
161.10   1.40845043
161.20   1.40843291
161.30   1.40841540
161.40   1.40839791
161.50   1.40838043
161.60   1.40836296
161.70   1.40834551
161.80   1.40832807
161.90   1.40831064
162.00   1.40829322
162.10   1.40827581
162.20   1.40825842
162.30   1.40824104
162.40   1.40822368
162.50   1.40820632
162.60   1.40818898
162.70   1.40817165
162.80   1.40815433
162.90   1.40813703
163.00   1.40811974
163.10   1.40810246
163.20   1.40808519
163.30   1.40806793
163.40   1.40805069
163.50   1.40803346
163.60   1.40801624
163.70   1.40799904
163.80   1.40798185
163.90   1.40796466
164.00   1.40794750
164.10   1.40793034
164.20   1.40791320
164.30   1.40789607
164.40   1.40787895
164.50   1.40786184
164.60   1.40784475
164.70   1.40782767
164.80   1.40781060
164.90   1.40779354
165.00   1.40777649
165.10   1.40775946
165.20   1.40774244
165.30   1.40772543
165.40   1.40770844
165.50   1.40769145
165.60   1.40767448
165.70   1.40765752
165.80   1.40764057
165.90   1.40762364
166.00   1.40760672
166.10   1.40758981
166.20   1.40757291
166.30   1.40755602
166.40   1.40753915
166.50   1.40752228
166.60   1.40750543
166.70   1.40748860
166.80   1.40747177
166.90   1.40745496
167.00   1.40743816
167.10   1.40742137
167.20   1.40740459
167.30   1.40738782
167.40   1.40737107
167.50   1.40735433
167.60   1.40733760
167.70   1.40732088
167.80   1.40730418
167.90   1.40728749
168.00   1.40727081
168.10   1.40725414
168.20   1.40723748
168.30   1.40722083
168.40   1.40720420
168.50   1.40718758
168.60   1.40717097
168.70   1.40715437
168.80   1.40713779
168.90   1.40712122
169.00   1.40710465
169.10   1.40708811
169.20   1.40707157
169.30   1.40705504
169.40   1.40703853
169.50   1.40702203
169.60   1.40700554
169.70   1.40698906
169.80   1.40697259
169.90   1.40695614
170.00   1.40693969
170.10   1.40692326
170.20   1.40690684
170.30   1.40689044
170.40   1.40687404
170.50   1.40685766
170.60   1.40684129
170.70   1.40682493
170.80   1.40680858
170.90   1.40679224
171.00   1.40677592
171.10   1.40675960
171.20   1.40674330
171.30   1.40672701
171.40   1.40671074
171.50   1.40669447
171.60   1.40667821
171.70   1.40666197
171.80   1.40664574
171.90   1.40662952
172.00   1.40661331
172.10   1.40659712
172.20   1.40658093
172.30   1.40656476
172.40   1.40654860
172.50   1.40653245
172.60   1.40651631
172.70   1.40650018
172.80   1.40648407
172.90   1.40646797
173.00   1.40645188
173.10   1.40643580
173.20   1.40641973
173.30   1.40640367
173.40   1.40638762
173.50   1.40637159
173.60   1.40635557
173.70   1.40633956
173.80   1.40632356
173.90   1.40630757
174.00   1.40629159
174.10   1.40627563
174.20   1.40625968
174.30   1.40624373
174.40   1.40622780
174.50   1.40621188
174.60   1.40619598
174.70   1.40618008
174.80   1.40616420
174.90   1.40614832
175.00   1.40613246
175.10   1.40611661
175.20   1.40610077
175.30   1.40608494
175.40   1.40606913
175.50   1.40605332
175.60   1.40603753
175.70   1.40602175
175.80   1.40600598
175.90   1.40599022
176.00   1.40597447
176.10   1.40595873
176.20   1.40594301
176.30   1.40592729
176.40   1.40591159
176.50   1.40589590
176.60   1.40588022
176.70   1.40586455
176.80   1.40584889
176.90   1.40583324
177.00   1.40581761
177.10   1.40580198
177.20   1.40578637
177.30   1.40577077
177.40   1.40575518
177.50   1.40573960
177.60   1.40572403
177.70   1.40570847
177.80   1.40569293
177.90   1.40567739
178.00   1.40566187
178.10   1.40564636
178.20   1.40563086
178.30   1.40561537
178.40   1.40559989
178.50   1.40558442
178.60   1.40556896
178.70   1.40555352
178.80   1.40553808
178.90   1.40552266
179.00   1.40550725
179.10   1.40549185
179.20   1.40547646
179.30   1.40546108
179.40   1.40544571
179.50   1.40543035
179.60   1.40541501
179.70   1.40539967
179.80   1.40538435
179.90   1.40536904
180.00   1.40535374
180.10   1.40533845
180.20   1.40532317
180.30   1.40530790
180.40   1.40529264
180.50   1.40527739
180.60   1.40526216
180.70   1.40524693
180.80   1.40523172
180.90   1.40521651
181.00   1.40520132
181.10   1.40518614
181.20   1.40517097
181.30   1.40515581
181.40   1.40514066
181.50   1.40512552
181.60   1.40511040
181.70   1.40509528
181.80   1.40508018
181.90   1.40506508
182.00   1.40505000
182.10   1.40503493
182.20   1.40501987
182.30   1.40500481
182.40   1.40498977
182.50   1.40497475
182.60   1.40495973
182.70   1.40494472
182.80   1.40492972
182.90   1.40491474
183.00   1.40489976
183.10   1.40488480
183.20   1.40486984
183.30   1.40485490
183.40   1.40483997
183.50   1.40482505
183.60   1.40481013
183.70   1.40479523
183.80   1.40478035
183.90   1.40476547
184.00   1.40475060
184.10   1.40473574
184.20   1.40472089
184.30   1.40470606
184.40   1.40469123
184.50   1.40467642
184.60   1.40466161
184.70   1.40464682
184.80   1.40463204
184.90   1.40461727
185.00   1.40460250
185.10   1.40458775
185.20   1.40457301
185.30   1.40455828
185.40   1.40454356
185.50   1.40452886
185.60   1.40451416
185.70   1.40449947
185.80   1.40448479
185.90   1.40447013
186.00   1.40445547
186.10   1.40444083
186.20   1.40442619
186.30   1.40441157
186.40   1.40439695
186.50   1.40438235
186.60   1.40436776
186.70   1.40435317
186.80   1.40433860
186.90   1.40432404
187.00   1.40430949
187.10   1.40429495
187.20   1.40428042
187.30   1.40426590
187.40   1.40425139
187.50   1.40423689
187.60   1.40422240
187.70   1.40420793
187.80   1.40419346
187.90   1.40417900
188.00   1.40416455
188.10   1.40415012
188.20   1.40413569
188.30   1.40412128
188.40   1.40410687
188.50   1.40409248
188.60   1.40407809
188.70   1.40406372
188.80   1.40404935
188.90   1.40403500
189.00   1.40402066
189.10   1.40400632
189.20   1.40399200
189.30   1.40397769
189.40   1.40396339
189.50   1.40394910
189.60   1.40393481
189.70   1.40392054
189.80   1.40390628
189.90   1.40389203
190.00   1.40387779
190.10   1.40386356
190.20   1.40384934
190.30   1.40383513
190.40   1.40382093
190.50   1.40380674
190.60   1.40379256
190.70   1.40377839
190.80   1.40376423
190.90   1.40375008
191.00   1.40373595
191.10   1.40372182
191.20   1.40370770
191.30   1.40369359
191.40   1.40367949
191.50   1.40366541
191.60   1.40365133
191.70   1.40363726
191.80   1.40362320
191.90   1.40360915
192.00   1.40359512
192.10   1.40358109
192.20   1.40356707
192.30   1.40355307
192.40   1.40353907
192.50   1.40352508
192.60   1.40351110
192.70   1.40349714
192.80   1.40348318
192.90   1.40346923
193.00   1.40345530
193.10   1.40344137
193.20   1.40342745
193.30   1.40341355
193.40   1.40339965
193.50   1.40338576
193.60   1.40337189
193.70   1.40335802
193.80   1.40334416
193.90   1.40333032
194.00   1.40331648
194.10   1.40330265
194.20   1.40328883
194.30   1.40327503
194.40   1.40326123
194.50   1.40324744
194.60   1.40323366
194.70   1.40321990
194.80   1.40320614
194.90   1.40319239
195.00   1.40317865
195.10   1.40316492
195.20   1.40315121
195.30   1.40313750
195.40   1.40312380
195.50   1.40311011
195.60   1.40309643
195.70   1.40308276
195.80   1.40306910
195.90   1.40305545
196.00   1.40304181
196.10   1.40302818
196.20   1.40301456
196.30   1.40300095
196.40   1.40298735
196.50   1.40297376
196.60   1.40296018
196.70   1.40294661
196.80   1.40293305
196.90   1.40291950
197.00   1.40290596
197.10   1.40289242
197.20   1.40287890
197.30   1.40286539
197.40   1.40285189
197.50   1.40283839
197.60   1.40282491
197.70   1.40281143
197.80   1.40279797
197.90   1.40278451
198.00   1.40277107
198.10   1.40275763
198.20   1.40274421
198.30   1.40273079
198.40   1.40271739
198.50   1.40270399
198.60   1.40269060
198.70   1.40267722
198.80   1.40266386
198.90   1.40265050
199.00   1.40263715
199.10   1.40262381
199.20   1.40261048
199.30   1.40259716
199.40   1.40258385
199.50   1.40257055
199.60   1.40255726
199.70   1.40254398
199.80   1.40253070
199.90   1.40251744
200.00   1.40250419
200.10   1.40249094
200.20   1.40247771
200.30   1.40246448
200.40   1.40245127
200.50   1.40243806
200.60   1.40242487
200.70   1.40241168
200.80   1.40239850
200.90   1.40238534
201.00   1.40237218
201.10   1.40235903
201.20   1.40234589
201.30   1.40233276
201.40   1.40231964
201.50   1.40230653
201.60   1.40229343
201.70   1.40228033
201.80   1.40226725
201.90   1.40225418
202.00   1.40224111
202.10   1.40222806
202.20   1.40221501
202.30   1.40220198
202.40   1.40218895
202.50   1.40217593
202.60   1.40216292
202.70   1.40214993
202.80   1.40213694
202.90   1.40212396
203.00   1.40211099
203.10   1.40209802
203.20   1.40208507
203.30   1.40207213
203.40   1.40205920
203.50   1.40204627
203.60   1.40203336
203.70   1.40202045
203.80   1.40200756
203.90   1.40199467
204.00   1.40198179
204.10   1.40196892
204.20   1.40195606
204.30   1.40194321
204.40   1.40193037
204.50   1.40191754
204.60   1.40190472
204.70   1.40189191
204.80   1.40187910
204.90   1.40186631
205.00   1.40185352
205.10   1.40184074
205.20   1.40182798
205.30   1.40181522
205.40   1.40180247
205.50   1.40178973
205.60   1.40177700
205.70   1.40176428
205.80   1.40175157
205.90   1.40173886
206.00   1.40172617
206.10   1.40171348
206.20   1.40170081
206.30   1.40168814
206.40   1.40167548
206.50   1.40166283
206.60   1.40165020
206.70   1.40163757
206.80   1.40162494
206.90   1.40161233
207.00   1.40159973
207.10   1.40158713
207.20   1.40157455
207.30   1.40156197
207.40   1.40154941
207.50   1.40153685
207.60   1.40152430
207.70   1.40151176
207.80   1.40149923
207.90   1.40148671
208.00   1.40147419
208.10   1.40146169
208.20   1.40144919
208.30   1.40143671
208.40   1.40142423
208.50   1.40141176
208.60   1.40139930
208.70   1.40138685
208.80   1.40137441
208.90   1.40136198
209.00   1.40134956
209.10   1.40133714
209.20   1.40132474
209.30   1.40131234
209.40   1.40129995
209.50   1.40128757
209.60   1.40127520
209.70   1.40126284
209.80   1.40125049
209.90   1.40123815
210.00   1.40122581
210.10   1.40121349
210.20   1.40120117
210.30   1.40118886
210.40   1.40117656
210.50   1.40116427
210.60   1.40115199
210.70   1.40113972
210.80   1.40112745
210.90   1.40111520
211.00   1.40110295
211.10   1.40109072
211.20   1.40107849
211.30   1.40106627
211.40   1.40105406
211.50   1.40104185
211.60   1.40102966
211.70   1.40101748
211.80   1.40100530
211.90   1.40099313
212.00   1.40098097
212.10   1.40096882
212.20   1.40095668
212.30   1.40094455
212.40   1.40093243
212.50   1.40092031
212.60   1.40090821
212.70   1.40089611
212.80   1.40088402
212.90   1.40087194
213.00   1.40085987
213.10   1.40084780
213.20   1.40083575
213.30   1.40082370
213.40   1.40081167
213.50   1.40079964
213.60   1.40078762
213.70   1.40077561
213.80   1.40076361
213.90   1.40075161
214.00   1.40073963
214.10   1.40072765
214.20   1.40071568
214.30   1.40070372
214.40   1.40069177
214.50   1.40067983
214.60   1.40066790
214.70   1.40065597
214.80   1.40064406
214.90   1.40063215
215.00   1.40062025
215.10   1.40060836
215.20   1.40059648
215.30   1.40058460
215.40   1.40057274
215.50   1.40056088
215.60   1.40054903
215.70   1.40053719
215.80   1.40052536
215.90   1.40051354
216.00   1.40050172
216.10   1.40048992
216.20   1.40047812
216.30   1.40046633
216.40   1.40045455
216.50   1.40044278
216.60   1.40043102
216.70   1.40041926
216.80   1.40040752
216.90   1.40039578
217.00   1.40038405
217.10   1.40037233
217.20   1.40036061
217.30   1.40034891
217.40   1.40033721
217.50   1.40032553
217.60   1.40031385
217.70   1.40030218
217.80   1.40029051
217.90   1.40027886
218.00   1.40026722
218.10   1.40025558
218.20   1.40024395
218.30   1.40023233
218.40   1.40022072
218.50   1.40020911
218.60   1.40019752
218.70   1.40018593
218.80   1.40017435
218.90   1.40016278
219.00   1.40015122
219.10   1.40013966
219.20   1.40012812
219.30   1.40011658
219.40   1.40010505
219.50   1.40009353
219.60   1.40008202
219.70   1.40007051
219.80   1.40005902
219.90   1.40004753
220.00   1.40003605
220.10   1.40002458
220.20   1.40001312
220.30   1.40000166
220.40   1.39999022
220.50   1.39997878
220.60   1.39996735
220.70   1.39995592
220.80   1.39994451
220.90   1.39993311
221.00   1.39992171
221.10   1.39991032
221.20   1.39989894
221.30   1.39988757
221.40   1.39987620
221.50   1.39986484
221.60   1.39985350
221.70   1.39984216
221.80   1.39983082
221.90   1.39981950
222.00   1.39980818
222.10   1.39979688
222.20   1.39978558
222.30   1.39977429
222.40   1.39976300
222.50   1.39975173
222.60   1.39974046
222.70   1.39972920
222.80   1.39971795
222.90   1.39970671
223.00   1.39969547
223.10   1.39968425
223.20   1.39967303
223.30   1.39966182
223.40   1.39965061
223.50   1.39963942
223.60   1.39962823
223.70   1.39961705
223.80   1.39960588
223.90   1.39959472
224.00   1.39958357
224.10   1.39957242
224.20   1.39956128
224.30   1.39955015
224.40   1.39953903
224.50   1.39952792
224.60   1.39951681
224.70   1.39950571
224.80   1.39949462
224.90   1.39948354
225.00   1.39947246
225.10   1.39946140
225.20   1.39945034
225.30   1.39943929
225.40   1.39942824
225.50   1.39941721
225.60   1.39940618
225.70   1.39939516
225.80   1.39938415
225.90   1.39937315
226.00   1.39936215
226.10   1.39935117
226.20   1.39934019
226.30   1.39932922
226.40   1.39931825
226.50   1.39930730
226.60   1.39929635
226.70   1.39928541
226.80   1.39927448
226.90   1.39926355
227.00   1.39925263
227.10   1.39924173
227.20   1.39923082
227.30   1.39921993
227.40   1.39920905
227.50   1.39919817
227.60   1.39918730
227.70   1.39917644
227.80   1.39916558
227.90   1.39915474
228.00   1.39914390
228.10   1.39913307
228.20   1.39912225
228.30   1.39911143
228.40   1.39910062
228.50   1.39908982
228.60   1.39907903
228.70   1.39906825
228.80   1.39905747
228.90   1.39904670
229.00   1.39903594
229.10   1.39902519
229.20   1.39901444
229.30   1.39900371
229.40   1.39899298
229.50   1.39898225
229.60   1.39897154
229.70   1.39896083
229.80   1.39895013
229.90   1.39893944
230.00   1.39892876
230.10   1.39891808
230.20   1.39890741
230.30   1.39889675
230.40   1.39888610
230.50   1.39887545
230.60   1.39886482
230.70   1.39885419
230.80   1.39884356
230.90   1.39883295
231.00   1.39882234
231.10   1.39881174
231.20   1.39880115
231.30   1.39879056
231.40   1.39877999
231.50   1.39876942
231.60   1.39875886
231.70   1.39874830
231.80   1.39873775
231.90   1.39872722
232.00   1.39871668
232.10   1.39870616
232.20   1.39869564
232.30   1.39868514
232.40   1.39867463
232.50   1.39866414
232.60   1.39865365
232.70   1.39864318
232.80   1.39863270
232.90   1.39862224
233.00   1.39861178
233.10   1.39860134
233.20   1.39859090
233.30   1.39858046
233.40   1.39857004
233.50   1.39855962
233.60   1.39854921
233.70   1.39853880
233.80   1.39852841
233.90   1.39851802
234.00   1.39850764
234.10   1.39849726
234.20   1.39848690
234.30   1.39847654
234.40   1.39846619
234.50   1.39845584
234.60   1.39844551
234.70   1.39843518
234.80   1.39842485
234.90   1.39841454
235.00   1.39840423
235.10   1.39839393
235.20   1.39838364
235.30   1.39837336
235.40   1.39836308
235.50   1.39835281
235.60   1.39834255
235.70   1.39833229
235.80   1.39832204
235.90   1.39831180
236.00   1.39830157
236.10   1.39829134
236.20   1.39828113
236.30   1.39827091
236.40   1.39826071
236.50   1.39825051
236.60   1.39824032
236.70   1.39823014
236.80   1.39821997
236.90   1.39820980
237.00   1.39819964
237.10   1.39818949
237.20   1.39817934
237.30   1.39816921
237.40   1.39815907
237.50   1.39814895
237.60   1.39813883
237.70   1.39812873
237.80   1.39811862
237.90   1.39810853
238.00   1.39809844
238.10   1.39808836
238.20   1.39807829
238.30   1.39806822
238.40   1.39805817
238.50   1.39804812
238.60   1.39803807
238.70   1.39802803
238.80   1.39801801
238.90   1.39800798
239.00   1.39799797
239.10   1.39798796
239.20   1.39797796
239.30   1.39796797
239.40   1.39795798
239.50   1.39794800
239.60   1.39793803
239.70   1.39792806
239.80   1.39791811
239.90   1.39790816
240.00   1.39789821
240.10   1.39788828
240.20   1.39787835
240.30   1.39786843
240.40   1.39785851
240.50   1.39784860
240.60   1.39783870
240.70   1.39782881
240.80   1.39781892
240.90   1.39780904
241.00   1.39779917
241.10   1.39778931
241.20   1.39777945
241.30   1.39776960
241.40   1.39775975
241.50   1.39774992
241.60   1.39774009
241.70   1.39773026
241.80   1.39772045
241.90   1.39771064
242.00   1.39770084
242.10   1.39769104
242.20   1.39768126
242.30   1.39767148
242.40   1.39766170
242.50   1.39765194
242.60   1.39764218
242.70   1.39763242
242.80   1.39762268
242.90   1.39761294
243.00   1.39760321
243.10   1.39759349
243.20   1.39758377
243.30   1.39757406
243.40   1.39756435
243.50   1.39755466
243.60   1.39754497
243.70   1.39753529
243.80   1.39752561
243.90   1.39751594
244.00   1.39750628
244.10   1.39749663
244.20   1.39748698
244.30   1.39747734
244.40   1.39746770
244.50   1.39745808
244.60   1.39744846
244.70   1.39743884
244.80   1.39742924
244.90   1.39741964
245.00   1.39741004
245.10   1.39740046
245.20   1.39739088
245.30   1.39738131
245.40   1.39737174
245.50   1.39736218
245.60   1.39735263
245.70   1.39734309
245.80   1.39733355
245.90   1.39732402
246.00   1.39731450
246.10   1.39730498
246.20   1.39729547
246.30   1.39728597
246.40   1.39727647
246.50   1.39726698
246.60   1.39725750
246.70   1.39724802
246.80   1.39723855
246.90   1.39722909
247.00   1.39721963
247.10   1.39721018
247.20   1.39720074
247.30   1.39719131
247.40   1.39718188
247.50   1.39717246
247.60   1.39716304
247.70   1.39715363
247.80   1.39714423
247.90   1.39713484
248.00   1.39712545
248.10   1.39711607
248.20   1.39710669
248.30   1.39709732
248.40   1.39708796
248.50   1.39707861
248.60   1.39706926
248.70   1.39705992
248.80   1.39705059
248.90   1.39704126
249.00   1.39703194
249.10   1.39702262
249.20   1.39701332
249.30   1.39700401
249.40   1.39699472
249.50   1.39698543
249.60   1.39697615
249.70   1.39696688
249.80   1.39695761
249.90   1.39694835
250.00   1.39693910
250.10   1.39692985
250.20   1.39692061
250.30   1.39691137
250.40   1.39690215
250.50   1.39689292
250.60   1.39688371
250.70   1.39687450
250.80   1.39686530
250.90   1.39685611
251.00   1.39684692
251.10   1.39683774
251.20   1.39682856
251.30   1.39681939
251.40   1.39681023
251.50   1.39680108
251.60   1.39679193
251.70   1.39678279
251.80   1.39677365
251.90   1.39676452
252.00   1.39675540
252.10   1.39674629
252.20   1.39673718
252.30   1.39672807
252.40   1.39671898
252.50   1.39670989
252.60   1.39670081
252.70   1.39669173
252.80   1.39668266
252.90   1.39667360
253.00   1.39666454
253.10   1.39665549
253.20   1.39664645
253.30   1.39663741
253.40   1.39662838
253.50   1.39661935
253.60   1.39661033
253.70   1.39660132
253.80   1.39659232
253.90   1.39658332
254.00   1.39657433
254.10   1.39656534
254.20   1.39655636
254.30   1.39654739
254.40   1.39653842
254.50   1.39652946
254.60   1.39652051
254.70   1.39651156
254.80   1.39650262
254.90   1.39649369
255.00   1.39648476
255.10   1.39647584
255.20   1.39646693
255.30   1.39645802
255.40   1.39644911
255.50   1.39644022
255.60   1.39643133
255.70   1.39642245
255.80   1.39641357
255.90   1.39640470
256.00   1.39639584
256.10   1.39638698
256.20   1.39637813
256.30   1.39636928
256.40   1.39636044
256.50   1.39635161
256.60   1.39634279
256.70   1.39633397
256.80   1.39632515
256.90   1.39631635
257.00   1.39630755
257.10   1.39629875
257.20   1.39628997
257.30   1.39628118
257.40   1.39627241
257.50   1.39626364
257.60   1.39625488
257.70   1.39624612
257.80   1.39623737
257.90   1.39622863
258.00   1.39621989
258.10   1.39621116
258.20   1.39620244
258.30   1.39619372
258.40   1.39618500
258.50   1.39617630
258.60   1.39616760
258.70   1.39615890
258.80   1.39615022
258.90   1.39614154
259.00   1.39613286
259.10   1.39612419
259.20   1.39611553
259.30   1.39610687
259.40   1.39609822
259.50   1.39608958
259.60   1.39608094
259.70   1.39607231
259.80   1.39606369
259.90   1.39605507
260.00   1.39604646
260.10   1.39603785
260.20   1.39602925
260.30   1.39602065
260.40   1.39601207
260.50   1.39600348
260.60   1.39599491
260.70   1.39598634
260.80   1.39597778
260.90   1.39596922
261.00   1.39596067
261.10   1.39595212
261.20   1.39594358
261.30   1.39593505
261.40   1.39592652
261.50   1.39591800
261.60   1.39590949
261.70   1.39590098
261.80   1.39589248
261.90   1.39588398
262.00   1.39587549
262.10   1.39586701
262.20   1.39585853
262.30   1.39585006
262.40   1.39584159
262.50   1.39583313
262.60   1.39582468
262.70   1.39581623
262.80   1.39580779
262.90   1.39579936
263.00   1.39579093
263.10   1.39578251
263.20   1.39577409
263.30   1.39576568
263.40   1.39575727
263.50   1.39574887
263.60   1.39574048
263.70   1.39573209
263.80   1.39572371
263.90   1.39571534
264.00   1.39570697
264.10   1.39569861
264.20   1.39569025
264.30   1.39568190
264.40   1.39567355
264.50   1.39566522
264.60   1.39565688
264.70   1.39564856
264.80   1.39564023
264.90   1.39563192
265.00   1.39562361
265.10   1.39561531
265.20   1.39560701
265.30   1.39559872
265.40   1.39559043
265.50   1.39558216
265.60   1.39557388
265.70   1.39556562
265.80   1.39555735
265.90   1.39554910
266.00   1.39554085
266.10   1.39553261
266.20   1.39552437
266.30   1.39551614
266.40   1.39550791
266.50   1.39549969
266.60   1.39549148
266.70   1.39548327
266.80   1.39547507
266.90   1.39546687
267.00   1.39545868
267.10   1.39545050
267.20   1.39544232
267.30   1.39543414
267.40   1.39542598
267.50   1.39541782
267.60   1.39540966
267.70   1.39540151
267.80   1.39539337
267.90   1.39538523
268.00   1.39537710
268.10   1.39536897
268.20   1.39536085
268.30   1.39535274
268.40   1.39534463
268.50   1.39533653
268.60   1.39532843
268.70   1.39532034
268.80   1.39531225
268.90   1.39530417
269.00   1.39529610
269.10   1.39528803
269.20   1.39527997
269.30   1.39527191
269.40   1.39526386
269.50   1.39525582
269.60   1.39524778
269.70   1.39523975
269.80   1.39523172
269.90   1.39522370
270.00   1.39521568
270.10   1.39520767
270.20   1.39519967
270.30   1.39519167
270.40   1.39518368
270.50   1.39517569
270.60   1.39516771
270.70   1.39515973
270.80   1.39515176
270.90   1.39514380
271.00   1.39513584
271.10   1.39512789
271.20   1.39511994
271.30   1.39511200
271.40   1.39510406
271.50   1.39509613
271.60   1.39508821
271.70   1.39508029
271.80   1.39507238
271.90   1.39506447
272.00   1.39505657
272.10   1.39504867
272.20   1.39504078
272.30   1.39503290
272.40   1.39502502
272.50   1.39501715
272.60   1.39500928
272.70   1.39500142
272.80   1.39499356
272.90   1.39498571
273.00   1.39497787
273.10   1.39497003
273.20   1.39496219
273.30   1.39495437
273.40   1.39494654
273.50   1.39493873
273.60   1.39493092
273.70   1.39492311
273.80   1.39491531
273.90   1.39490752
274.00   1.39489973
274.10   1.39489194
274.20   1.39488417
274.30   1.39487639
274.40   1.39486863
274.50   1.39486087
274.60   1.39485311
274.70   1.39484536
274.80   1.39483762
274.90   1.39482988
275.00   1.39482215
275.10   1.39481442
275.20   1.39480670
275.30   1.39479898
275.40   1.39479127
275.50   1.39478356
275.60   1.39477586
275.70   1.39476817
275.80   1.39476048
275.90   1.39475280
276.00   1.39474512
276.10   1.39473745
276.20   1.39472978
276.30   1.39472212
276.40   1.39471446
276.50   1.39470681
276.60   1.39469917
276.70   1.39469153
276.80   1.39468390
276.90   1.39467627
277.00   1.39466865
277.10   1.39466103
277.20   1.39465342
277.30   1.39464581
277.40   1.39463821
277.50   1.39463061
277.60   1.39462302
277.70   1.39461544
277.80   1.39460786
277.90   1.39460029
278.00   1.39459272
278.10   1.39458516
278.20   1.39457760
278.30   1.39457005
278.40   1.39456250
278.50   1.39455496
278.60   1.39454742
278.70   1.39453989
278.80   1.39453237
278.90   1.39452485
279.00   1.39451734
279.10   1.39450983
279.20   1.39450232
279.30   1.39449483
279.40   1.39448733
279.50   1.39447985
279.60   1.39447236
279.70   1.39446489
279.80   1.39445742
279.90   1.39444995
280.00   1.39444249
280.10   1.39443504
280.20   1.39442759
280.30   1.39442014
280.40   1.39441270
280.50   1.39440527
280.60   1.39439784
280.70   1.39439042
280.80   1.39438300
280.90   1.39437559
281.00   1.39436818
281.10   1.39436078
281.20   1.39435339
281.30   1.39434599
281.40   1.39433861
281.50   1.39433123
281.60   1.39432385
281.70   1.39431648
281.80   1.39430912
281.90   1.39430176
282.00   1.39429441
282.10   1.39428706
282.20   1.39427971
282.30   1.39427238
282.40   1.39426504
282.50   1.39425772
282.60   1.39425039
282.70   1.39424308
282.80   1.39423577
282.90   1.39422846
283.00   1.39422116
283.10   1.39421386
283.20   1.39420657
283.30   1.39419929
283.40   1.39419201
283.50   1.39418473
283.60   1.39417746
283.70   1.39417020
283.80   1.39416294
283.90   1.39415568
284.00   1.39414843
284.10   1.39414119
284.20   1.39413395
284.30   1.39412672
284.40   1.39411949
284.50   1.39411227
284.60   1.39410505
284.70   1.39409784
284.80   1.39409063
284.90   1.39408343
285.00   1.39407623
285.10   1.39406904
285.20   1.39406185
285.30   1.39405467
285.40   1.39404749
285.50   1.39404032
285.60   1.39403316
285.70   1.39402600
285.80   1.39401884
285.90   1.39401169
286.00   1.39400454
286.10   1.39399740
286.20   1.39399027
286.30   1.39398314
286.40   1.39397601
286.50   1.39396889
286.60   1.39396178
286.70   1.39395467
286.80   1.39394756
286.90   1.39394046
287.00   1.39393337
287.10   1.39392628
287.20   1.39391920
287.30   1.39391212
287.40   1.39390504
287.50   1.39389797
287.60   1.39389091
287.70   1.39388385
287.80   1.39387680
287.90   1.39386975
288.00   1.39386270
288.10   1.39385567
288.20   1.39384863
288.30   1.39384160
288.40   1.39383458
288.50   1.39382756
288.60   1.39382055
288.70   1.39381354
288.80   1.39380654
288.90   1.39379954
289.00   1.39379255
289.10   1.39378556
289.20   1.39377857
289.30   1.39377160
289.40   1.39376462
289.50   1.39375765
289.60   1.39375069
289.70   1.39374373
289.80   1.39373678
289.90   1.39372983
290.00   1.39372289
290.10   1.39371595
290.20   1.39370902
290.30   1.39370209
290.40   1.39369517
290.50   1.39368825
290.60   1.39368133
290.70   1.39367443
290.80   1.39366752
290.90   1.39366062
291.00   1.39365373
291.10   1.39364684
291.20   1.39363996
291.30   1.39363308
291.40   1.39362621
291.50   1.39361934
291.60   1.39361247
291.70   1.39360562
291.80   1.39359876
291.90   1.39359191
292.00   1.39358507
292.10   1.39357823
292.20   1.39357139
292.30   1.39356456
292.40   1.39355774
292.50   1.39355092
292.60   1.39354411
292.70   1.39353730
292.80   1.39353049
292.90   1.39352369
293.00   1.39351690
293.10   1.39351011
293.20   1.39350332
293.30   1.39349654
293.40   1.39348976
293.50   1.39348299
293.60   1.39347623
293.70   1.39346947
293.80   1.39346271
293.90   1.39345596
294.00   1.39344921
294.10   1.39344247
294.20   1.39343573
294.30   1.39342900
294.40   1.39342227
294.50   1.39341555
294.60   1.39340883
294.70   1.39340212
294.80   1.39339541
294.90   1.39338871
295.00   1.39338201
295.10   1.39337532
295.20   1.39336863
295.30   1.39336195
295.40   1.39335527
295.50   1.39334859
295.60   1.39334192
295.70   1.39333526
295.80   1.39332860
295.90   1.39332194
296.00   1.39331529
296.10   1.39330865
296.20   1.39330201
296.30   1.39329537
296.40   1.39328874
296.50   1.39328211
296.60   1.39327549
296.70   1.39326888
296.80   1.39326226
296.90   1.39325566
297.00   1.39324905
297.10   1.39324246
297.20   1.39323586
297.30   1.39322927
297.40   1.39322269
297.50   1.39321611
297.60   1.39320954
297.70   1.39320297
297.80   1.39319640
297.90   1.39318984
298.00   1.39318329
298.10   1.39317674
298.20   1.39317019
298.30   1.39316365
298.40   1.39315711
298.50   1.39315058
298.60   1.39314405
298.70   1.39313753
298.80   1.39313101
298.90   1.39312450
299.00   1.39311799
299.10   1.39311149
299.20   1.39310499
299.30   1.39309849
299.40   1.39309200
299.50   1.39308552
299.60   1.39307904
299.70   1.39307256
299.80   1.39306609
299.90   1.39305962
300.00   1.39305316
