  Time Stress
  0.00   4.41433000
  0.10   4.40217015
  0.20   4.39080149
  0.30   4.38016146
  0.40   4.37019256
  0.50   4.36084196
  0.60   4.35206112
  0.70   4.34380545
  0.80   4.33603395
  0.90   4.32870896
  1.00   4.32179585
  1.10   4.31526282
  1.20   4.30908063
  1.30   4.30322240
  1.40   4.29766342
  1.50   4.29238100
  1.60   4.28735424
  1.70   4.28256396
  1.80   4.27799250
  1.90   4.27362365
  2.00   4.26944247
  2.10   4.26543525
  2.20   4.26158936
  2.30   4.25789319
  2.40   4.25433605
  2.50   4.25090812
  2.60   4.24760035
  2.70   4.24440442
  2.80   4.24131266
  2.90   4.23831802
  3.00   4.23541400
  3.10   4.23259462
  3.20   4.22985438
  3.30   4.22718818
  3.40   4.22459136
  3.50   4.22205960
  3.60   4.21958892
  3.70   4.21717566
  3.80   4.21481643
  3.90   4.21250811
  4.00   4.21024782
  4.10   4.20803289
  4.20   4.20586087
  4.30   4.20372947
  4.40   4.20163661
  4.50   4.19958034
  4.60   4.19755885
  4.70   4.19557048
  4.80   4.19361369
  4.90   4.19168704
  5.00   4.18978922
  5.10   4.18791898
  5.20   4.18607519
  5.30   4.18425677
  5.40   4.18246275
  5.50   4.18069220
  5.60   4.17894426
  5.70   4.17721813
  5.80   4.17551307
  5.90   4.17382838
  6.00   4.17216341
  6.10   4.17051754
  6.20   4.16889021
  6.30   4.16728088
  6.40   4.16568904
  6.50   4.16411423
  6.60   4.16255599
  6.70   4.16101391
  6.80   4.15948760
  6.90   4.15797666
  7.00   4.15648077
  7.10   4.15499957
  7.20   4.15353275
  7.30   4.15208000
  7.40   4.15064105
  7.50   4.14921562
  7.60   4.14780344
  7.70   4.14640428
  7.80   4.14501788
  7.90   4.14364403
  8.00   4.14228251
  8.10   4.14093310
  8.20   4.13959560
  8.30   4.13826983
  8.40   4.13695560
  8.50   4.13565272
  8.60   4.13436102
  8.70   4.13308034
  8.80   4.13181051
  8.90   4.13055137
  9.00   4.12930278
  9.10   4.12806458
  9.20   4.12683664
  9.30   4.12561880
  9.40   4.12441094
  9.50   4.12321292
  9.60   4.12202462
  9.70   4.12084590
  9.80   4.11967664
  9.90   4.11851673
 10.00   4.11736605
 10.10   4.11622447
 10.20   4.11509189
 10.30   4.11396820
 10.40   4.11285328
 10.50   4.11174704
 10.60   4.11064936
 10.70   4.10956015
 10.80   4.10847931
 10.90   4.10740673
 11.00   4.10634232
 11.10   4.10528598
 11.20   4.10423763
 11.30   4.10319716
 11.40   4.10216449
 11.50   4.10113952
 11.60   4.10012218
 11.70   4.09911237
 11.80   4.09811000
 11.90   4.09711500
 12.00   4.09612728
 12.10   4.09514676
 12.20   4.09417336
 12.30   4.09320699
 12.40   4.09224759
 12.50   4.09129506
 12.60   4.09034935
 12.70   4.08941037
 12.80   4.08847804
 12.90   4.08755230
 13.00   4.08663307
 13.10   4.08572028
 13.20   4.08481386
 13.30   4.08391375
 13.40   4.08301986
 13.50   4.08213214
 13.60   4.08125052
 13.70   4.08037493
 13.80   4.07950531
 13.90   4.07864159
 14.00   4.07778371
 14.10   4.07693161
 14.20   4.07608522
 14.30   4.07524448
 14.40   4.07440934
 14.50   4.07357973
 14.60   4.07275559
 14.70   4.07193687
 14.80   4.07112350
 14.90   4.07031544
 15.00   4.06951263
 15.10   4.06871500
 15.20   4.06792251
 15.30   4.06713510
 15.40   4.06635271
 15.50   4.06557530
 15.60   4.06480282
 15.70   4.06403520
 15.80   4.06327240
 15.90   4.06251437
 16.00   4.06176107
 16.10   4.06101243
 16.20   4.06026841
 16.30   4.05952897
 16.40   4.05879405
 16.50   4.05806362
 16.60   4.05733761
 16.70   4.05661599
 16.80   4.05589872
 16.90   4.05518574
 17.00   4.05447702
 17.10   4.05377250
 17.20   4.05307215
 17.30   4.05237593
 17.40   4.05168379
 17.50   4.05099568
 17.60   4.05031158
 17.70   4.04963143
 17.80   4.04895520
 17.90   4.04828285
 18.00   4.04761434
 18.10   4.04694963
 18.20   4.04628868
 18.30   4.04563146
 18.40   4.04497792
 18.50   4.04432803
 18.60   4.04368176
 18.70   4.04303906
 18.80   4.04239990
 18.90   4.04176425
 19.00   4.04113207
 19.10   4.04050333
 19.20   4.03987799
 19.30   4.03925602
 19.40   4.03863738
 19.50   4.03802205
 19.60   4.03740998
 19.70   4.03680116
 19.80   4.03619554
 19.90   4.03559310
 20.00   4.03499380
 20.10   4.03439761
 20.20   4.03380451
 20.30   4.03321446
 20.40   4.03262744
 20.50   4.03204340
 20.60   4.03146234
 20.70   4.03088421
 20.80   4.03030899
 20.90   4.02973665
 21.00   4.02916716
 21.10   4.02860050
 21.20   4.02803664
 21.30   4.02747555
 21.40   4.02691720
 21.50   4.02636158
 21.60   4.02580865
 21.70   4.02525839
 21.80   4.02471077
 21.90   4.02416577
 22.00   4.02362337
 22.10   4.02308353
 22.20   4.02254625
 22.30   4.02201148
 22.40   4.02147921
 22.50   4.02094942
 22.60   4.02042208
 22.70   4.01989717
 22.80   4.01937467
 22.90   4.01885456
 23.00   4.01833680
 23.10   4.01782139
 23.20   4.01730831
 23.30   4.01679752
 23.40   4.01628901
 23.50   4.01578275
 23.60   4.01527874
 23.70   4.01477694
 23.80   4.01427734
 23.90   4.01377992
 24.00   4.01328466
 24.10   4.01279153
 24.20   4.01230053
 24.30   4.01181163
 24.40   4.01132481
 24.50   4.01084005
 24.60   4.01035734
 24.70   4.00987666
 24.80   4.00939799
 24.90   4.00892131
 25.00   4.00844661
 25.10   4.00797386
 25.20   4.00750306
 25.30   4.00703418
 25.40   4.00656721
 25.50   4.00610213
 25.60   4.00563893
 25.70   4.00517758
 25.80   4.00471808
 25.90   4.00426041
 26.00   4.00380454
 26.10   4.00335048
 26.20   4.00289820
 26.30   4.00244768
 26.40   4.00199892
 26.50   4.00155189
 26.60   4.00110658
 26.70   4.00066299
 26.80   4.00022109
 26.90   3.99978087
 27.00   3.99934231
 27.10   3.99890541
 27.20   3.99847015
 27.30   3.99803651
 27.40   3.99760449
 27.50   3.99717406
 27.60   3.99674523
 27.70   3.99631796
 27.80   3.99589226
 27.90   3.99546811
 28.00   3.99504549
 28.10   3.99462440
 28.20   3.99420482
 28.30   3.99378674
 28.40   3.99337015
 28.50   3.99295503
 28.60   3.99254138
 28.70   3.99212919
 28.80   3.99171843
 28.90   3.99130911
 29.00   3.99090121
 29.10   3.99049471
 29.20   3.99008962
 29.30   3.98968591
 29.40   3.98928358
 29.50   3.98888262
 29.60   3.98848301
 29.70   3.98808475
 29.80   3.98768782
 29.90   3.98729222
 30.00   3.98689794
 30.10   3.98650496
 30.20   3.98611328
 30.30   3.98572289
 30.40   3.98533378
 30.50   3.98494593
 30.60   3.98455934
 30.70   3.98417400
 30.80   3.98378990
 30.90   3.98340704
 31.00   3.98302539
 31.10   3.98264497
 31.20   3.98226574
 31.30   3.98188772
 31.40   3.98151088
 31.50   3.98113522
 31.60   3.98076073
 31.70   3.98038741
 31.80   3.98001524
 31.90   3.97964422
 32.00   3.97927434
 32.10   3.97890559
 32.20   3.97853797
 32.30   3.97817146
 32.40   3.97780605
 32.50   3.97744175
 32.60   3.97707855
 32.70   3.97671643
 32.80   3.97635538
 32.90   3.97599541
 33.00   3.97563651
 33.10   3.97527866
 33.20   3.97492186
 33.30   3.97456610
 33.40   3.97421138
 33.50   3.97385769
 33.60   3.97350503
 33.70   3.97315338
 33.80   3.97280274
 33.90   3.97245310
 34.00   3.97210446
 34.10   3.97175682
 34.20   3.97141015
 34.30   3.97106446
 34.40   3.97071975
 34.50   3.97037600
 34.60   3.97003321
 34.70   3.96969138
 34.80   3.96935049
 34.90   3.96901055
 35.00   3.96867154
 35.10   3.96833346
 35.20   3.96799631
 35.30   3.96766008
 35.40   3.96732476
 35.50   3.96699035
 35.60   3.96665684
 35.70   3.96632423
 35.80   3.96599251
 35.90   3.96566168
 36.00   3.96533173
 36.10   3.96500266
 36.20   3.96467446
 36.30   3.96434712
 36.40   3.96402065
 36.50   3.96369503
 36.60   3.96337027
 36.70   3.96304635
 36.80   3.96272327
 36.90   3.96240103
 37.00   3.96207962
 37.10   3.96175904
 37.20   3.96143929
 37.30   3.96112035
 37.40   3.96080222
 37.50   3.96048491
 37.60   3.96016840
 37.70   3.95985269
 37.80   3.95953778
 37.90   3.95922366
 38.00   3.95891033
 38.10   3.95859778
 38.20   3.95828601
 38.30   3.95797501
 38.40   3.95766479
 38.50   3.95735534
 38.60   3.95704664
 38.70   3.95673871
 38.80   3.95643153
 38.90   3.95612510
 39.00   3.95581943
 39.10   3.95551449
 39.20   3.95521029
 39.30   3.95490683
 39.40   3.95460411
 39.50   3.95430211
 39.60   3.95400083
 39.70   3.95370028
 39.80   3.95340045
 39.90   3.95310133
 40.00   3.95280292
 40.10   3.95250522
 40.20   3.95220822
 40.30   3.95191192
 40.40   3.95161632
 40.50   3.95132141
 40.60   3.95102720
 40.70   3.95073367
 40.80   3.95044083
 40.90   3.95014866
 41.00   3.94985717
 41.10   3.94956636
 41.20   3.94927622
 41.30   3.94898675
 41.40   3.94869794
 41.50   3.94840980
 41.60   3.94812231
 41.70   3.94783548
 41.80   3.94754930
 41.90   3.94726377
 42.00   3.94697889
 42.10   3.94669466
 42.20   3.94641106
 42.30   3.94612811
 42.40   3.94584579
 42.50   3.94556410
 42.60   3.94528304
 42.70   3.94500261
 42.80   3.94472281
 42.90   3.94444363
 43.00   3.94416507
 43.10   3.94388712
 43.20   3.94360979
 43.30   3.94333307
 43.40   3.94305696
 43.50   3.94278145
 43.60   3.94250655
 43.70   3.94223226
 43.80   3.94195856
 43.90   3.94168545
 44.00   3.94141295
 44.10   3.94114103
 44.20   3.94086970
 44.30   3.94059896
 44.40   3.94032881
 44.50   3.94005923
 44.60   3.93979024
 44.70   3.93952182
 44.80   3.93925398
 44.90   3.93898672
 45.00   3.93872002
 45.10   3.93845389
 45.20   3.93818833
 45.30   3.93792334
 45.40   3.93765890
 45.50   3.93739503
 45.60   3.93713171
 45.70   3.93686895
 45.80   3.93660674
 45.90   3.93634509
 46.00   3.93608398
 46.10   3.93582343
 46.20   3.93556341
 46.30   3.93530394
 46.40   3.93504502
 46.50   3.93478663
 46.60   3.93452878
 46.70   3.93427146
 46.80   3.93401468
 46.90   3.93375843
 47.00   3.93350272
 47.10   3.93324752
 47.20   3.93299286
 47.30   3.93273872
 47.40   3.93248510
 47.50   3.93223200
 47.60   3.93197942
 47.70   3.93172736
 47.80   3.93147582
 47.90   3.93122478
 48.00   3.93097426
 48.10   3.93072425
 48.20   3.93047475
 48.30   3.93022575
 48.40   3.92997726
 48.50   3.92972927
 48.60   3.92948179
 48.70   3.92923480
 48.80   3.92898831
 48.90   3.92874232
 49.00   3.92849682
 49.10   3.92825181
 49.20   3.92800730
 49.30   3.92776328
 49.40   3.92751974
 49.50   3.92727670
 49.60   3.92703413
 49.70   3.92679206
 49.80   3.92655046
 49.90   3.92630934
 50.00   3.92606871
 50.10   3.92582855
 50.20   3.92558887
 50.30   3.92534966
 50.40   3.92511093
 50.50   3.92487266
 50.60   3.92463487
 50.70   3.92439755
 50.80   3.92416069
 50.90   3.92392430
 51.00   3.92368838
 51.10   3.92345292
 51.20   3.92321792
 51.30   3.92298338
 51.40   3.92274930
 51.50   3.92251567
 51.60   3.92228251
 51.70   3.92204980
 51.80   3.92181754
 51.90   3.92158573
 52.00   3.92135438
 52.10   3.92112347
 52.20   3.92089302
 52.30   3.92066301
 52.40   3.92043345
 52.50   3.92020433
 52.60   3.91997565
 52.70   3.91974742
 52.80   3.91951963
 52.90   3.91929227
 53.00   3.91906536
 53.10   3.91883888
 53.20   3.91861284
 53.30   3.91838723
 53.40   3.91816206
 53.50   3.91793731
 53.60   3.91771300
 53.70   3.91748912
 53.80   3.91726567
 53.90   3.91704264
 54.00   3.91682005
 54.10   3.91659787
 54.20   3.91637612
 54.30   3.91615480
 54.40   3.91593389
 54.50   3.91571341
 54.60   3.91549334
 54.70   3.91527369
 54.80   3.91505446
 54.90   3.91483565
 55.00   3.91461725
 55.10   3.91439927
 55.20   3.91418170
 55.30   3.91396454
 55.40   3.91374779
 55.50   3.91353145
 55.60   3.91331552
 55.70   3.91309999
 55.80   3.91288488
 55.90   3.91267017
 56.00   3.91245586
 56.10   3.91224196
 56.20   3.91202845
 56.30   3.91181535
 56.40   3.91160265
 56.50   3.91139035
 56.60   3.91117845
 56.70   3.91096695
 56.80   3.91075584
 56.90   3.91054513
 57.00   3.91033481
 57.10   3.91012488
 57.20   3.90991535
 57.30   3.90970621
 57.40   3.90949745
 57.50   3.90928909
 57.60   3.90908112
 57.70   3.90887353
 57.80   3.90866634
 57.90   3.90845952
 58.00   3.90825309
 58.10   3.90804705
 58.20   3.90784139
 58.30   3.90763611
 58.40   3.90743121
 58.50   3.90722669
 58.60   3.90702255
 58.70   3.90681879
 58.80   3.90661541
 58.90   3.90641240
 59.00   3.90620977
 59.10   3.90600751
 59.20   3.90580563
 59.30   3.90560412
 59.40   3.90540299
 59.50   3.90520222
 59.60   3.90500183
 59.70   3.90480180
 59.80   3.90460214
 59.90   3.90440285
 60.00   3.90420393
 60.10   3.90400538
 60.20   3.90380719
 60.30   3.90360936
 60.40   3.90341190
 60.50   3.90321480
 60.60   3.90301806
 60.70   3.90282169
 60.80   3.90262567
 60.90   3.90243002
 61.00   3.90223472
 61.10   3.90203978
 61.20   3.90184520
 61.30   3.90165098
 61.40   3.90145711
 61.50   3.90126359
 61.60   3.90107043
 61.70   3.90087762
 61.80   3.90068517
 61.90   3.90049307
 62.00   3.90030131
 62.10   3.90010991
 62.20   3.89991886
 62.30   3.89972815
 62.40   3.89953780
 62.50   3.89934779
 62.60   3.89915812
 62.70   3.89896881
 62.80   3.89877983
 62.90   3.89859121
 63.00   3.89840292
 63.10   3.89821498
 63.20   3.89802738
 63.30   3.89784012
 63.40   3.89765320
 63.50   3.89746662
 63.60   3.89728038
 63.70   3.89709448
 63.80   3.89690891
 63.90   3.89672368
 64.00   3.89653879
 64.10   3.89635423
 64.20   3.89617001
 64.30   3.89598612
 64.40   3.89580257
 64.50   3.89561934
 64.60   3.89543645
 64.70   3.89525389
 64.80   3.89507166
 64.90   3.89488977
 65.00   3.89470819
 65.10   3.89452695
 65.20   3.89434604
 65.30   3.89416545
 65.40   3.89398519
 65.50   3.89380525
 65.60   3.89362564
 65.70   3.89344636
 65.80   3.89326739
 65.90   3.89308875
 66.00   3.89291044
 66.10   3.89273244
 66.20   3.89255477
 66.30   3.89237741
 66.40   3.89220038
 66.50   3.89202366
 66.60   3.89184726
 66.70   3.89167118
 66.80   3.89149542
 66.90   3.89131998
 67.00   3.89114484
 67.10   3.89097003
 67.20   3.89079553
 67.30   3.89062134
 67.40   3.89044747
 67.50   3.89027391
 67.60   3.89010066
 67.70   3.88992772
 67.80   3.88975509
 67.90   3.88958277
 68.00   3.88941077
 68.10   3.88923907
 68.20   3.88906768
 68.30   3.88889659
 68.40   3.88872582
 68.50   3.88855535
 68.60   3.88838519
 68.70   3.88821533
 68.80   3.88804577
 68.90   3.88787652
 69.00   3.88770758
 69.10   3.88753893
 69.20   3.88737059
 69.30   3.88720255
 69.40   3.88703481
 69.50   3.88686737
 69.60   3.88670023
 69.70   3.88653339
 69.80   3.88636685
 69.90   3.88620061
 70.00   3.88603466
 70.10   3.88586901
 70.20   3.88570366
 70.30   3.88553860
 70.40   3.88537384
 70.50   3.88520937
 70.60   3.88504520
 70.70   3.88488132
 70.80   3.88471773
 70.90   3.88455444
 71.00   3.88439144
 71.10   3.88422872
 71.20   3.88406630
 71.30   3.88390417
 71.40   3.88374233
 71.50   3.88358078
 71.60   3.88341951
 71.70   3.88325853
 71.80   3.88309784
 71.90   3.88293744
 72.00   3.88277732
 72.10   3.88261749
 72.20   3.88245795
 72.30   3.88229868
 72.40   3.88213971
 72.50   3.88198101
 72.60   3.88182260
 72.70   3.88166447
 72.80   3.88150662
 72.90   3.88134906
 73.00   3.88119177
 73.10   3.88103477
 73.20   3.88087804
 73.30   3.88072159
 73.40   3.88056542
 73.50   3.88040953
 73.60   3.88025392
 73.70   3.88009859
 73.80   3.87994353
 73.90   3.87978874
 74.00   3.87963423
 74.10   3.87948000
 74.20   3.87932604
 74.30   3.87917236
 74.40   3.87901895
 74.50   3.87886581
 74.60   3.87871294
 74.70   3.87856035
 74.80   3.87840802
 74.90   3.87825597
 75.00   3.87810419
 75.10   3.87795268
 75.20   3.87780143
 75.30   3.87765046
 75.40   3.87749975
 75.50   3.87734931
 75.60   3.87719914
 75.70   3.87704924
 75.80   3.87689960
 75.90   3.87675023
 76.00   3.87660112
 76.10   3.87645228
 76.20   3.87630370
 76.30   3.87615538
 76.40   3.87600733
 76.50   3.87585954
 76.60   3.87571202
 76.70   3.87556475
 76.80   3.87541775
 76.90   3.87527101
 77.00   3.87512452
 77.10   3.87497830
 77.20   3.87483234
 77.30   3.87468664
 77.40   3.87454119
 77.50   3.87439600
 77.60   3.87425107
 77.70   3.87410640
 77.80   3.87396198
 77.90   3.87381782
 78.00   3.87367392
 78.10   3.87353027
 78.20   3.87338687
 78.30   3.87324373
 78.40   3.87310084
 78.50   3.87295821
 78.60   3.87281583
 78.70   3.87267370
 78.80   3.87253182
 78.90   3.87239020
 79.00   3.87224882
 79.10   3.87210770
 79.20   3.87196682
 79.30   3.87182620
 79.40   3.87168582
 79.50   3.87154569
 79.60   3.87140581
 79.70   3.87126618
 79.80   3.87112680
 79.90   3.87098766
 80.00   3.87084877
 80.10   3.87071012
 80.20   3.87057172
 80.30   3.87043357
 80.40   3.87029566
 80.50   3.87015799
 80.60   3.87002057
 80.70   3.86988339
 80.80   3.86974645
 80.90   3.86960976
 81.00   3.86947330
 81.10   3.86933709
 81.20   3.86920112
 81.30   3.86906539
 81.40   3.86892990
 81.50   3.86879465
 81.60   3.86865964
 81.70   3.86852487
 81.80   3.86839034
 81.90   3.86825604
 82.00   3.86812198
 82.10   3.86798816
 82.20   3.86785458
 82.30   3.86772123
 82.40   3.86758812
 82.50   3.86745524
 82.60   3.86732260
 82.70   3.86719019
 82.80   3.86705802
 82.90   3.86692608
 83.00   3.86679437
 83.10   3.86666290
 83.20   3.86653165
 83.30   3.86640064
 83.40   3.86626987
 83.50   3.86613932
 83.60   3.86600900
 83.70   3.86587892
 83.80   3.86574906
 83.90   3.86561943
 84.00   3.86549004
 84.10   3.86536087
 84.20   3.86523193
 84.30   3.86510321
 84.40   3.86497473
 84.50   3.86484647
 84.60   3.86471844
 84.70   3.86459063
 84.80   3.86446305
 84.90   3.86433569
 85.00   3.86420856
 85.10   3.86408166
 85.20   3.86395498
 85.30   3.86382852
 85.40   3.86370229
 85.50   3.86357627
 85.60   3.86345049
 85.70   3.86332492
 85.80   3.86319957
 85.90   3.86307445
 86.00   3.86294955
 86.10   3.86282487
 86.20   3.86270040
 86.30   3.86257616
 86.40   3.86245214
 86.50   3.86232833
 86.60   3.86220475
 86.70   3.86208138
 86.80   3.86195823
 86.90   3.86183530
 87.00   3.86171258
 87.10   3.86159008
 87.20   3.86146780
 87.30   3.86134573
 87.40   3.86122388
 87.50   3.86110225
 87.60   3.86098083
 87.70   3.86085962
 87.80   3.86073862
 87.90   3.86061784
 88.00   3.86049728
 88.10   3.86037692
 88.20   3.86025678
 88.30   3.86013685
 88.40   3.86001713
 88.50   3.85989763
 88.60   3.85977833
 88.70   3.85965925
 88.80   3.85954037
 88.90   3.85942170
 89.00   3.85930325
 89.10   3.85918500
 89.20   3.85906696
 89.30   3.85894913
 89.40   3.85883151
 89.50   3.85871409
 89.60   3.85859688
 89.70   3.85847988
 89.80   3.85836309
 89.90   3.85824650
 90.00   3.85813011
 90.10   3.85801394
 90.20   3.85789796
 90.30   3.85778219
 90.40   3.85766663
 90.50   3.85755127
 90.60   3.85743611
 90.70   3.85732116
 90.80   3.85720640
 90.90   3.85709185
 91.00   3.85697751
 91.10   3.85686336
 91.20   3.85674942
 91.30   3.85663567
 91.40   3.85652213
 91.50   3.85640879
 91.60   3.85629564
 91.70   3.85618270
 91.80   3.85606996
 91.90   3.85595741
 92.00   3.85584506
 92.10   3.85573292
 92.20   3.85562096
 92.30   3.85550921
 92.40   3.85539765
 92.50   3.85528629
 92.60   3.85517513
 92.70   3.85506416
 92.80   3.85495339
 92.90   3.85484281
 93.00   3.85473243
 93.10   3.85462224
 93.20   3.85451225
 93.30   3.85440245
 93.40   3.85429284
 93.50   3.85418343
 93.60   3.85407421
 93.70   3.85396518
 93.80   3.85385635
 93.90   3.85374770
 94.00   3.85363925
 94.10   3.85353099
 94.20   3.85342292
 94.30   3.85331504
 94.40   3.85320735
 94.50   3.85309985
 94.60   3.85299254
 94.70   3.85288542
 94.80   3.85277849
 94.90   3.85267174
 95.00   3.85256519
 95.10   3.85245882
 95.20   3.85235264
 95.30   3.85224664
 95.40   3.85214084
 95.50   3.85203522
 95.60   3.85192978
 95.70   3.85182453
 95.80   3.85171947
 95.90   3.85161459
 96.00   3.85150990
 96.10   3.85140539
 96.20   3.85130107
 96.30   3.85119692
 96.40   3.85109297
 96.50   3.85098919
 96.60   3.85088560
 96.70   3.85078219
 96.80   3.85067897
 96.90   3.85057592
 97.00   3.85047306
 97.10   3.85037038
 97.20   3.85026788
 97.30   3.85016556
 97.40   3.85006342
 97.50   3.84996146
 97.60   3.84985968
 97.70   3.84975807
 97.80   3.84965665
 97.90   3.84955541
 98.00   3.84945434
 98.10   3.84935346
 98.20   3.84925275
 98.30   3.84915221
 98.40   3.84905186
 98.50   3.84895168
 98.60   3.84885168
 98.70   3.84875185
 98.80   3.84865220
 98.90   3.84855273
 99.00   3.84845343
 99.10   3.84835431
 99.20   3.84825536
 99.30   3.84815658
 99.40   3.84805798
 99.50   3.84795955
 99.60   3.84786130
 99.70   3.84776322
 99.80   3.84766531
 99.90   3.84756757
100.00   3.84747001
100.10   3.84737262
100.20   3.84727540
100.30   3.84717835
100.40   3.84708147
100.50   3.84698476
100.60   3.84688822
100.70   3.84679186
100.80   3.84669566
100.90   3.84659963
101.00   3.84650377
101.10   3.84640808
101.20   3.84631256
101.30   3.84621721
101.40   3.84612202
101.50   3.84602700
101.60   3.84593215
101.70   3.84583747
101.80   3.84574295
101.90   3.84564860
102.00   3.84555442
102.10   3.84546040
102.20   3.84536655
102.30   3.84527286
102.40   3.84517934
102.50   3.84508598
102.60   3.84499279
102.70   3.84489976
102.80   3.84480689
102.90   3.84471419
103.00   3.84462165
103.10   3.84452928
103.20   3.84443706
103.30   3.84434501
103.40   3.84425312
103.50   3.84416140
103.60   3.84406983
103.70   3.84397843
103.80   3.84388719
103.90   3.84379610
104.00   3.84370518
104.10   3.84361442
104.20   3.84352382
104.30   3.84343337
104.40   3.84334309
104.50   3.84325297
104.60   3.84316300
104.70   3.84307319
104.80   3.84298355
104.90   3.84289405
105.00   3.84280472
105.10   3.84271554
105.20   3.84262653
105.30   3.84253766
105.40   3.84244896
105.50   3.84236041
105.60   3.84227201
105.70   3.84218377
105.80   3.84209569
105.90   3.84200776
106.00   3.84191999
106.10   3.84183237
106.20   3.84174491
106.30   3.84165760
106.40   3.84157044
106.50   3.84148344
106.60   3.84139659
106.70   3.84130989
106.80   3.84122335
106.90   3.84113696
107.00   3.84105072
107.10   3.84096463
107.20   3.84087869
107.30   3.84079291
107.40   3.84070727
107.50   3.84062179
107.60   3.84053646
107.70   3.84045127
107.80   3.84036624
107.90   3.84028136
108.00   3.84019662
108.10   3.84011204
108.20   3.84002761
108.30   3.83994332
108.40   3.83985918
108.50   3.83977519
108.60   3.83969135
108.70   3.83960765
108.80   3.83952411
108.90   3.83944071
109.00   3.83935745
109.10   3.83927435
109.20   3.83919138
109.30   3.83910857
109.40   3.83902590
109.50   3.83894338
109.60   3.83886100
109.70   3.83877877
109.80   3.83869668
109.90   3.83861474
110.00   3.83853294
110.10   3.83845128
110.20   3.83836977
110.30   3.83828840
110.40   3.83820718
110.50   3.83812609
110.60   3.83804516
110.70   3.83796436
110.80   3.83788370
110.90   3.83780319
111.00   3.83772282
111.10   3.83764259
111.20   3.83756250
111.30   3.83748256
111.40   3.83740275
111.50   3.83732309
111.60   3.83724356
111.70   3.83716418
111.80   3.83708493
111.90   3.83700582
112.00   3.83692686
112.10   3.83684803
112.20   3.83676934
112.30   3.83669079
112.40   3.83661238
112.50   3.83653410
112.60   3.83645597
112.70   3.83637797
112.80   3.83630010
112.90   3.83622238
113.00   3.83614479
113.10   3.83606734
113.20   3.83599003
113.30   3.83591285
113.40   3.83583580
113.50   3.83575890
113.60   3.83568213
113.70   3.83560549
113.80   3.83552899
113.90   3.83545262
114.00   3.83537639
114.10   3.83530029
114.20   3.83522432
114.30   3.83514849
114.40   3.83507280
114.50   3.83499723
114.60   3.83492180
114.70   3.83484650
114.80   3.83477134
114.90   3.83469630
115.00   3.83462140
115.10   3.83454663
115.20   3.83447199
115.30   3.83439749
115.40   3.83432311
115.50   3.83424887
115.60   3.83417475
115.70   3.83410077
115.80   3.83402692
115.90   3.83395319
116.00   3.83387960
116.10   3.83380614
116.20   3.83373280
116.30   3.83365960
116.40   3.83358652
116.50   3.83351357
116.60   3.83344075
116.70   3.83336806
116.80   3.83329550
116.90   3.83322306
117.00   3.83315076
117.10   3.83307857
117.20   3.83300652
117.30   3.83293459
117.40   3.83286279
117.50   3.83279112
117.60   3.83271957
117.70   3.83264815
117.80   3.83257685
117.90   3.83250568
118.00   3.83243464
118.10   3.83236372
118.20   3.83229292
118.30   3.83222225
118.40   3.83215170
118.50   3.83208128
118.60   3.83201098
118.70   3.83194081
118.80   3.83187076
118.90   3.83180083
119.00   3.83173103
119.10   3.83166134
119.20   3.83159178
119.30   3.83152235
119.40   3.83145303
119.50   3.83138384
119.60   3.83131477
119.70   3.83124582
119.80   3.83117699
119.90   3.83110829
120.00   3.83103970
120.10   3.83097124
120.20   3.83090289
120.30   3.83083467
120.40   3.83076656
120.50   3.83069858
120.60   3.83063072
120.70   3.83056297
120.80   3.83049534
120.90   3.83042784
121.00   3.83036045
121.10   3.83029318
121.20   3.83022603
121.30   3.83015900
121.40   3.83009208
121.50   3.83002528
121.60   3.82995861
121.70   3.82989204
121.80   3.82982560
121.90   3.82975927
122.00   3.82969306
122.10   3.82962696
122.20   3.82956099
122.30   3.82949512
122.40   3.82942938
122.50   3.82936375
122.60   3.82929823
122.70   3.82923283
122.80   3.82916755
122.90   3.82910238
123.00   3.82903732
123.10   3.82897238
123.20   3.82890756
123.30   3.82884285
123.40   3.82877825
123.50   3.82871376
123.60   3.82864939
123.70   3.82858513
123.80   3.82852099
123.90   3.82845696
124.00   3.82839304
124.10   3.82832923
124.20   3.82826554
124.30   3.82820196
124.40   3.82813849
124.50   3.82807513
124.60   3.82801188
124.70   3.82794875
124.80   3.82788572
124.90   3.82782281
125.00   3.82776000
125.10   3.82769731
125.20   3.82763473
125.30   3.82757226
125.40   3.82750990
125.50   3.82744765
125.60   3.82738550
125.70   3.82732347
125.80   3.82726155
125.90   3.82719973
126.00   3.82713802
126.10   3.82707643
126.20   3.82701494
126.30   3.82695356
126.40   3.82689228
126.50   3.82683112
126.60   3.82677006
126.70   3.82670911
126.80   3.82664827
126.90   3.82658753
127.00   3.82652691
127.10   3.82646638
127.20   3.82640597
127.30   3.82634566
127.40   3.82628546
127.50   3.82622536
127.60   3.82616537
127.70   3.82610548
127.80   3.82604570
127.90   3.82598603
128.00   3.82592646
128.10   3.82586699
128.20   3.82580763
128.30   3.82574838
128.40   3.82568923
128.50   3.82563018
128.60   3.82557124
128.70   3.82551240
128.80   3.82545366
128.90   3.82539503
129.00   3.82533650
129.10   3.82527807
129.20   3.82521975
129.30   3.82516153
129.40   3.82510341
129.50   3.82504539
129.60   3.82498748
129.70   3.82492966
129.80   3.82487195
129.90   3.82481434
130.00   3.82475684
130.10   3.82469943
130.20   3.82464213
130.30   3.82458492
130.40   3.82452782
130.50   3.82447081
130.60   3.82441391
130.70   3.82435711
130.80   3.82430041
130.90   3.82424380
131.00   3.82418730
131.10   3.82413089
131.20   3.82407459
131.30   3.82401838
131.40   3.82396228
131.50   3.82390627
131.60   3.82385036
131.70   3.82379455
131.80   3.82373884
131.90   3.82368322
132.00   3.82362771
132.10   3.82357229
132.20   3.82351697
132.30   3.82346174
132.40   3.82340661
132.50   3.82335158
132.60   3.82329665
132.70   3.82324181
132.80   3.82318708
132.90   3.82313243
133.00   3.82307788
133.10   3.82302343
133.20   3.82296908
133.30   3.82291482
133.40   3.82286065
133.50   3.82280658
133.60   3.82275261
133.70   3.82269873
133.80   3.82264495
133.90   3.82259126
134.00   3.82253766
134.10   3.82248416
134.20   3.82243076
134.30   3.82237744
134.40   3.82232423
134.50   3.82227110
134.60   3.82221807
134.70   3.82216513
134.80   3.82211229
134.90   3.82205954
135.00   3.82200688
135.10   3.82195431
135.20   3.82190184
135.30   3.82184945
135.40   3.82179717
135.50   3.82174497
135.60   3.82169286
135.70   3.82164085
135.80   3.82158893
135.90   3.82153710
136.00   3.82148536
136.10   3.82143371
136.20   3.82138215
136.30   3.82133068
136.40   3.82127931
136.50   3.82122802
136.60   3.82117683
136.70   3.82112572
136.80   3.82107471
136.90   3.82102378
137.00   3.82097295
137.10   3.82092220
137.20   3.82087154
137.30   3.82082097
137.40   3.82077049
137.50   3.82072010
137.60   3.82066980
137.70   3.82061959
137.80   3.82056947
137.90   3.82051943
138.00   3.82046948
138.10   3.82041962
138.20   3.82036985
138.30   3.82032016
138.40   3.82027056
138.50   3.82022105
138.60   3.82017163
138.70   3.82012230
138.80   3.82007305
138.90   3.82002388
139.00   3.81997481
139.10   3.81992582
139.20   3.81987691
139.30   3.81982810
139.40   3.81977936
139.50   3.81973072
139.60   3.81968216
139.70   3.81963368
139.80   3.81958530
139.90   3.81953699
140.00   3.81948877
140.10   3.81944064
140.20   3.81939259
140.30   3.81934462
140.40   3.81929674
140.50   3.81924895
140.60   3.81920123
140.70   3.81915361
140.80   3.81910606
140.90   3.81905860
141.00   3.81901122
141.10   3.81896393
141.20   3.81891672
141.30   3.81886959
141.40   3.81882255
141.50   3.81877558
141.60   3.81872871
141.70   3.81868191
141.80   3.81863520
141.90   3.81858856
142.00   3.81854201
142.10   3.81849555
142.20   3.81844916
142.30   3.81840285
142.40   3.81835663
142.50   3.81831049
142.60   3.81826443
142.70   3.81821845
142.80   3.81817255
142.90   3.81812673
143.00   3.81808100
143.10   3.81803534
143.20   3.81798976
143.30   3.81794427
143.40   3.81789885
143.50   3.81785352
143.60   3.81780826
143.70   3.81776308
143.80   3.81771799
143.90   3.81767297
144.00   3.81762803
144.10   3.81758317
144.20   3.81753839
144.30   3.81749369
144.40   3.81744907
144.50   3.81740452
144.60   3.81736006
144.70   3.81731567
144.80   3.81727136
144.90   3.81722713
145.00   3.81718297
145.10   3.81713890
145.20   3.81709490
145.30   3.81705098
145.40   3.81700713
145.50   3.81696337
145.60   3.81691968
145.70   3.81687606
145.80   3.81683253
145.90   3.81678907
146.00   3.81674569
146.10   3.81670238
146.20   3.81665915
146.30   3.81661600
146.40   3.81657292
146.50   3.81652992
146.60   3.81648699
146.70   3.81644414
146.80   3.81640136
146.90   3.81635866
147.00   3.81631604
147.10   3.81627349
147.20   3.81623101
147.30   3.81618861
147.40   3.81614628
147.50   3.81610403
147.60   3.81606186
147.70   3.81601975
147.80   3.81597772
147.90   3.81593577
148.00   3.81589389
148.10   3.81585208
148.20   3.81581035
148.30   3.81576869
148.40   3.81572710
148.50   3.81568559
148.60   3.81564415
148.70   3.81560278
148.80   3.81556148
148.90   3.81552026
149.00   3.81547911
149.10   3.81543804
149.20   3.81539703
149.30   3.81535610
149.40   3.81531524
149.50   3.81527445
149.60   3.81523373
149.70   3.81519309
149.80   3.81515251
149.90   3.81511201
150.00   3.81507158
150.10   3.81503122
150.20   3.81499093
150.30   3.81495071
150.40   3.81491056
150.50   3.81487049
150.60   3.81483048
150.70   3.81479055
150.80   3.81475068
150.90   3.81471089
151.00   3.81467116
151.10   3.81463151
151.20   3.81459192
151.30   3.81455240
151.40   3.81451296
151.50   3.81447358
151.60   3.81443427
151.70   3.81439504
151.80   3.81435587
151.90   3.81431677
152.00   3.81427774
152.10   3.81423877
152.20   3.81419988
152.30   3.81416105
152.40   3.81412230
152.50   3.81408361
152.60   3.81404499
152.70   3.81400643
152.80   3.81396795
152.90   3.81392953
153.00   3.81389118
153.10   3.81385290
153.20   3.81381468
153.30   3.81377653
153.40   3.81373845
153.50   3.81370044
153.60   3.81366249
153.70   3.81362461
153.80   3.81358680
153.90   3.81354905
154.00   3.81351137
154.10   3.81347376
154.20   3.81343621
154.30   3.81339873
154.40   3.81336131
154.50   3.81332396
154.60   3.81328668
154.70   3.81324946
154.80   3.81321231
154.90   3.81317522
155.00   3.81313820
155.10   3.81310124
155.20   3.81306435
155.30   3.81302752
155.40   3.81299076
155.50   3.81295406
155.60   3.81291743
155.70   3.81288086
155.80   3.81284436
155.90   3.81280792
156.00   3.81277154
156.10   3.81273523
156.20   3.81269898
156.30   3.81266280
156.40   3.81262668
156.50   3.81259062
156.60   3.81255463
156.70   3.81251870
156.80   3.81248283
156.90   3.81244703
157.00   3.81241129
157.10   3.81237561
157.20   3.81233999
157.30   3.81230444
157.40   3.81226895
157.50   3.81223352
157.60   3.81219816
157.70   3.81216286
157.80   3.81212762
157.90   3.81209244
158.00   3.81205732
158.10   3.81202227
158.20   3.81198727
158.30   3.81195234
158.40   3.81191747
158.50   3.81188266
158.60   3.81184791
158.70   3.81181323
158.80   3.81177860
158.90   3.81174404
159.00   3.81170954
159.10   3.81167509
159.20   3.81164071
159.30   3.81160639
159.40   3.81157213
159.50   3.81153793
159.60   3.81150379
159.70   3.81146971
159.80   3.81143569
159.90   3.81140173
160.00   3.81136782
160.10   3.81133398
160.20   3.81130020
160.30   3.81126648
160.40   3.81123282
160.50   3.81119921
160.60   3.81116567
160.70   3.81113218
160.80   3.81109876
160.90   3.81106539
161.00   3.81103208
161.10   3.81099883
161.20   3.81096564
161.30   3.81093250
161.40   3.81089943
161.50   3.81086641
161.60   3.81083345
161.70   3.81080055
161.80   3.81076771
161.90   3.81073492
162.00   3.81070220
162.10   3.81066953
162.20   3.81063692
162.30   3.81060436
162.40   3.81057186
162.50   3.81053942
162.60   3.81050704
162.70   3.81047471
162.80   3.81044244
162.90   3.81041023
163.00   3.81037808
163.10   3.81034598
163.20   3.81031393
163.30   3.81028195
163.40   3.81025002
163.50   3.81021814
163.60   3.81018632
163.70   3.81015456
163.80   3.81012286
163.90   3.81009121
164.00   3.81005961
164.10   3.81002807
164.20   3.80999659
164.30   3.80996516
164.40   3.80993379
164.50   3.80990247
164.60   3.80987121
164.70   3.80984000
164.80   3.80980885
164.90   3.80977775
165.00   3.80974671
165.10   3.80971572
165.20   3.80968479
165.30   3.80965391
165.40   3.80962309
165.50   3.80959232
165.60   3.80956160
165.70   3.80953094
165.80   3.80950033
165.90   3.80946977
166.00   3.80943927
166.10   3.80940883
166.20   3.80937843
166.30   3.80934809
166.40   3.80931781
166.50   3.80928757
166.60   3.80925739
166.70   3.80922727
166.80   3.80919719
166.90   3.80916717
167.00   3.80913720
167.10   3.80910729
167.20   3.80907743
167.30   3.80904762
167.40   3.80901786
167.50   3.80898815
167.60   3.80895850
167.70   3.80892890
167.80   3.80889935
167.90   3.80886985
168.00   3.80884041
168.10   3.80881102
168.20   3.80878167
168.30   3.80875239
168.40   3.80872315
168.50   3.80869396
168.60   3.80866483
168.70   3.80863574
168.80   3.80860671
168.90   3.80857773
169.00   3.80854880
169.10   3.80851992
169.20   3.80849109
169.30   3.80846231
169.40   3.80843358
169.50   3.80840491
169.60   3.80837628
169.70   3.80834770
169.80   3.80831918
169.90   3.80829070
170.00   3.80826228
170.10   3.80823390
170.20   3.80820557
170.30   3.80817730
170.40   3.80814907
170.50   3.80812090
170.60   3.80809277
170.70   3.80806469
170.80   3.80803667
170.90   3.80800869
171.00   3.80798076
171.10   3.80795288
171.20   3.80792505
171.30   3.80789727
171.40   3.80786953
171.50   3.80784185
171.60   3.80781421
171.70   3.80778663
171.80   3.80775909
171.90   3.80773160
172.00   3.80770416
172.10   3.80767676
172.20   3.80764942
172.30   3.80762212
172.40   3.80759487
172.50   3.80756767
172.60   3.80754052
172.70   3.80751341
172.80   3.80748636
172.90   3.80745935
173.00   3.80743238
173.10   3.80740547
173.20   3.80737860
173.30   3.80735178
173.40   3.80732501
173.50   3.80729828
173.60   3.80727160
173.70   3.80724497
173.80   3.80721839
173.90   3.80719185
174.00   3.80716536
174.10   3.80713891
174.20   3.80711251
174.30   3.80708616
174.40   3.80705986
174.50   3.80703360
174.60   3.80700739
174.70   3.80698122
174.80   3.80695510
174.90   3.80692902
175.00   3.80690299
175.10   3.80687701
175.20   3.80685107
175.30   3.80682518
175.40   3.80679934
175.50   3.80677354
175.60   3.80674778
175.70   3.80672207
175.80   3.80669641
175.90   3.80667079
176.00   3.80664521
176.10   3.80661968
176.20   3.80659420
176.30   3.80656876
176.40   3.80654336
176.50   3.80651801
176.60   3.80649271
176.70   3.80646745
176.80   3.80644223
176.90   3.80641706
177.00   3.80639193
177.10   3.80636685
177.20   3.80634181
177.30   3.80631681
177.40   3.80629186
177.50   3.80626695
177.60   3.80624209
177.70   3.80621727
177.80   3.80619249
177.90   3.80616776
178.00   3.80614307
178.10   3.80611843
178.20   3.80609382
178.30   3.80606926
178.40   3.80604475
178.50   3.80602028
178.60   3.80599585
178.70   3.80597146
178.80   3.80594712
178.90   3.80592282
179.00   3.80589856
179.10   3.80587434
179.20   3.80585017
179.30   3.80582604
179.40   3.80580195
179.50   3.80577791
179.60   3.80575390
179.70   3.80572994
179.80   3.80570603
179.90   3.80568215
180.00   3.80565831
180.10   3.80563452
180.20   3.80561077
180.30   3.80558706
180.40   3.80556340
180.50   3.80553977
180.60   3.80551619
180.70   3.80549264
180.80   3.80546914
180.90   3.80544568
181.00   3.80542227
181.10   3.80539889
181.20   3.80537555
181.30   3.80535226
181.40   3.80532900
181.50   3.80530579
181.60   3.80528262
181.70   3.80525949
181.80   3.80523640
181.90   3.80521335
182.00   3.80519034
182.10   3.80516737
182.20   3.80514444
182.30   3.80512155
182.40   3.80509871
182.50   3.80507590
182.60   3.80505313
182.70   3.80503040
182.80   3.80500772
182.90   3.80498507
183.00   3.80496246
183.10   3.80493989
183.20   3.80491737
183.30   3.80489488
183.40   3.80487243
183.50   3.80485002
183.60   3.80482765
183.70   3.80480532
183.80   3.80478303
183.90   3.80476078
184.00   3.80473856
184.10   3.80471639
184.20   3.80469426
184.30   3.80467216
184.40   3.80465010
184.50   3.80462809
184.60   3.80460611
184.70   3.80458417
184.80   3.80456226
184.90   3.80454040
185.00   3.80451858
185.10   3.80449679
185.20   3.80447504
185.30   3.80445333
185.40   3.80443166
185.50   3.80441003
185.60   3.80438843
185.70   3.80436687
185.80   3.80434535
185.90   3.80432387
186.00   3.80430243
186.10   3.80428102
186.20   3.80425965
186.30   3.80423832
186.40   3.80421703
186.50   3.80419577
186.60   3.80417456
186.70   3.80415337
186.80   3.80413223
186.90   3.80411112
187.00   3.80409005
187.10   3.80406902
187.20   3.80404803
187.30   3.80402707
187.40   3.80400615
187.50   3.80398526
187.60   3.80396442
187.70   3.80394360
187.80   3.80392283
187.90   3.80390209
188.00   3.80388139
188.10   3.80386073
188.20   3.80384010
188.30   3.80381950
188.40   3.80379895
188.50   3.80377843
188.60   3.80375794
188.70   3.80373750
188.80   3.80371708
188.90   3.80369671
189.00   3.80367637
189.10   3.80365606
189.20   3.80363580
189.30   3.80361556
189.40   3.80359537
189.50   3.80357520
189.60   3.80355508
189.70   3.80353499
189.80   3.80351493
189.90   3.80349491
190.00   3.80347493
190.10   3.80345498
190.20   3.80343506
190.30   3.80341518
190.40   3.80339534
190.50   3.80337553
190.60   3.80335576
190.70   3.80333602
190.80   3.80331631
190.90   3.80329664
191.00   3.80327700
191.10   3.80325740
191.20   3.80323784
191.30   3.80321830
191.40   3.80319881
191.50   3.80317934
191.60   3.80315991
191.70   3.80314052
191.80   3.80312116
191.90   3.80310183
192.00   3.80308254
192.10   3.80306328
192.20   3.80304405
192.30   3.80302486
192.40   3.80300570
192.50   3.80298658
192.60   3.80296749
192.70   3.80294843
192.80   3.80292941
192.90   3.80291042
193.00   3.80289146
193.10   3.80287254
193.20   3.80285365
193.30   3.80283480
193.40   3.80281597
193.50   3.80279718
193.60   3.80277843
193.70   3.80275970
193.80   3.80274101
193.90   3.80272235
194.00   3.80270373
194.10   3.80268514
194.20   3.80266658
194.30   3.80264805
194.40   3.80262956
194.50   3.80261109
194.60   3.80259266
194.70   3.80257427
194.80   3.80255590
194.90   3.80253757
195.00   3.80251927
195.10   3.80250100
195.20   3.80248277
195.30   3.80246456
195.40   3.80244639
195.50   3.80242825
195.60   3.80241015
195.70   3.80239207
195.80   3.80237403
195.90   3.80235602
196.00   3.80233803
196.10   3.80232009
196.20   3.80230217
196.30   3.80228428
196.40   3.80226643
196.50   3.80224861
196.60   3.80223082
196.70   3.80221306
196.80   3.80219533
196.90   3.80217763
197.00   3.80215996
197.10   3.80214233
197.20   3.80212472
197.30   3.80210715
197.40   3.80208961
197.50   3.80207210
197.60   3.80205462
197.70   3.80203717
197.80   3.80201975
197.90   3.80200236
198.00   3.80198500
198.10   3.80196767
198.20   3.80195038
198.30   3.80193311
198.40   3.80191587
198.50   3.80189867
198.60   3.80188149
198.70   3.80186435
198.80   3.80184723
198.90   3.80183015
199.00   3.80181309
199.10   3.80179607
199.20   3.80177907
199.30   3.80176211
199.40   3.80174517
199.50   3.80172827
199.60   3.80171139
199.70   3.80169455
199.80   3.80167773
199.90   3.80166094
200.00   3.80164419
200.10   3.80162746
200.20   3.80161076
200.30   3.80159409
200.40   3.80157745
200.50   3.80156084
200.60   3.80154426
200.70   3.80152771
200.80   3.80151119
200.90   3.80149470
201.00   3.80147823
201.10   3.80146180
201.20   3.80144539
201.30   3.80142901
201.40   3.80141266
201.50   3.80139634
201.60   3.80138005
201.70   3.80136379
201.80   3.80134755
201.90   3.80133135
202.00   3.80131517
202.10   3.80129902
202.20   3.80128290
202.30   3.80126681
202.40   3.80125075
202.50   3.80123471
202.60   3.80121871
202.70   3.80120273
202.80   3.80118678
202.90   3.80117086
203.00   3.80115496
203.10   3.80113909
203.20   3.80112326
203.30   3.80110745
203.40   3.80109166
203.50   3.80107591
203.60   3.80106018
203.70   3.80104448
203.80   3.80102881
203.90   3.80101316
204.00   3.80099755
204.10   3.80098196
204.20   3.80096640
204.30   3.80095086
204.40   3.80093535
204.50   3.80091987
204.60   3.80090442
204.70   3.80088900
204.80   3.80087360
204.90   3.80085823
205.00   3.80084288
205.10   3.80082756
205.20   3.80081227
205.30   3.80079701
205.40   3.80078177
205.50   3.80076656
205.60   3.80075138
205.70   3.80073623
205.80   3.80072110
205.90   3.80070599
206.00   3.80069092
206.10   3.80067587
206.20   3.80066084
206.30   3.80064585
206.40   3.80063088
206.50   3.80061593
206.60   3.80060102
206.70   3.80058612
206.80   3.80057126
206.90   3.80055642
207.00   3.80054161
207.10   3.80052682
207.20   3.80051206
207.30   3.80049732
207.40   3.80048261
207.50   3.80046793
207.60   3.80045327
207.70   3.80043864
207.80   3.80042404
207.90   3.80040946
208.00   3.80039490
208.10   3.80038037
208.20   3.80036587
208.30   3.80035139
208.40   3.80033694
208.50   3.80032251
208.60   3.80030811
208.70   3.80029374
208.80   3.80027939
208.90   3.80026506
209.00   3.80025076
209.10   3.80023649
209.20   3.80022224
209.30   3.80020801
209.40   3.80019381
209.50   3.80017964
209.60   3.80016549
209.70   3.80015136
209.80   3.80013726
209.90   3.80012319
210.00   3.80010914
210.10   3.80009511
210.20   3.80008111
210.30   3.80006713
210.40   3.80005318
210.50   3.80003925
210.60   3.80002535
210.70   3.80001147
210.80   3.79999762
210.90   3.79998379
211.00   3.79996998
211.10   3.79995620
211.20   3.79994245
211.30   3.79992871
211.40   3.79991500
211.50   3.79990132
211.60   3.79988766
211.70   3.79987402
211.80   3.79986041
211.90   3.79984682
212.00   3.79983326
212.10   3.79981972
212.20   3.79980620
212.30   3.79979271
212.40   3.79977924
212.50   3.79976580
212.60   3.79975238
212.70   3.79973898
212.80   3.79972560
212.90   3.79971225
213.00   3.79969893
213.10   3.79968562
213.20   3.79967234
213.30   3.79965908
213.40   3.79964585
213.50   3.79963264
213.60   3.79961945
213.70   3.79960629
213.80   3.79959315
213.90   3.79958003
214.00   3.79956694
214.10   3.79955386
214.20   3.79954082
214.30   3.79952779
214.40   3.79951479
214.50   3.79950181
214.60   3.79948885
214.70   3.79947592
214.80   3.79946301
214.90   3.79945012
215.00   3.79943725
215.10   3.79942441
215.20   3.79941159
215.30   3.79939879
215.40   3.79938601
215.50   3.79937326
215.60   3.79936053
215.70   3.79934782
215.80   3.79933514
215.90   3.79932247
216.00   3.79930983
216.10   3.79929721
216.20   3.79928462
216.30   3.79927204
216.40   3.79925949
216.50   3.79924696
216.60   3.79923445
216.70   3.79922196
216.80   3.79920950
216.90   3.79919706
217.00   3.79918464
217.10   3.79917224
217.20   3.79915986
217.30   3.79914751
217.40   3.79913517
217.50   3.79912286
217.60   3.79911057
217.70   3.79909830
217.80   3.79908606
217.90   3.79907383
218.00   3.79906163
218.10   3.79904944
218.20   3.79903728
218.30   3.79902514
218.40   3.79901303
218.50   3.79900093
218.60   3.79898885
218.70   3.79897680
218.80   3.79896477
218.90   3.79895276
219.00   3.79894077
219.10   3.79892880
219.20   3.79891685
219.30   3.79890492
219.40   3.79889301
219.50   3.79888113
219.60   3.79886926
219.70   3.79885742
219.80   3.79884560
219.90   3.79883380
220.00   3.79882201
220.10   3.79881025
220.20   3.79879851
220.30   3.79878680
220.40   3.79877510
220.50   3.79876342
220.60   3.79875176
220.70   3.79874012
220.80   3.79872851
220.90   3.79871691
221.00   3.79870534
221.10   3.79869378
221.20   3.79868225
221.30   3.79867073
221.40   3.79865924
221.50   3.79864776
221.60   3.79863631
221.70   3.79862488
221.80   3.79861346
221.90   3.79860207
222.00   3.79859070
222.10   3.79857934
222.20   3.79856801
222.30   3.79855670
222.40   3.79854540
222.50   3.79853413
222.60   3.79852288
222.70   3.79851164
222.80   3.79850043
222.90   3.79848923
223.00   3.79847806
223.10   3.79846690
223.20   3.79845577
223.30   3.79844465
223.40   3.79843356
223.50   3.79842248
223.60   3.79841142
223.70   3.79840038
223.80   3.79838937
223.90   3.79837837
224.00   3.79836739
224.10   3.79835643
224.20   3.79834549
224.30   3.79833456
224.40   3.79832366
224.50   3.79831278
224.60   3.79830191
224.70   3.79829107
224.80   3.79828024
224.90   3.79826944
225.00   3.79825865
225.10   3.79824788
225.20   3.79823713
225.30   3.79822640
225.40   3.79821569
225.50   3.79820499
225.60   3.79819432
225.70   3.79818366
225.80   3.79817303
225.90   3.79816241
226.00   3.79815181
226.10   3.79814123
226.20   3.79813067
226.30   3.79812012
226.40   3.79810960
226.50   3.79809909
226.60   3.79808860
226.70   3.79807813
226.80   3.79806768
226.90   3.79805725
227.00   3.79804683
227.10   3.79803644
227.20   3.79802606
227.30   3.79801570
227.40   3.79800536
227.50   3.79799504
227.60   3.79798473
227.70   3.79797444
227.80   3.79796418
227.90   3.79795392
228.00   3.79794369
228.10   3.79793348
228.20   3.79792328
228.30   3.79791310
228.40   3.79790294
228.50   3.79789280
228.60   3.79788267
228.70   3.79787257
228.80   3.79786248
228.90   3.79785241
229.00   3.79784235
229.10   3.79783232
229.20   3.79782230
229.30   3.79781230
229.40   3.79780231
229.50   3.79779235
229.60   3.79778240
229.70   3.79777247
229.80   3.79776255
229.90   3.79775266
230.00   3.79774278
230.10   3.79773292
230.20   3.79772308
230.30   3.79771325
230.40   3.79770344
230.50   3.79769365
230.60   3.79768387
230.70   3.79767412
230.80   3.79766438
230.90   3.79765465
231.00   3.79764495
231.10   3.79763526
231.20   3.79762559
231.30   3.79761593
231.40   3.79760630
231.50   3.79759667
231.60   3.79758707
231.70   3.79757748
231.80   3.79756791
231.90   3.79755836
232.00   3.79754882
232.10   3.79753930
232.20   3.79752980
232.30   3.79752032
232.40   3.79751085
232.50   3.79750139
232.60   3.79749196
232.70   3.79748254
232.80   3.79747313
232.90   3.79746375
233.00   3.79745438
233.10   3.79744503
233.20   3.79743569
233.30   3.79742637
233.40   3.79741706
233.50   3.79740778
233.60   3.79739850
233.70   3.79738925
233.80   3.79738001
233.90   3.79737079
234.00   3.79736158
234.10   3.79735239
234.20   3.79734322
234.30   3.79733406
234.40   3.79732492
234.50   3.79731579
234.60   3.79730668
234.70   3.79729759
234.80   3.79728851
234.90   3.79727945
235.00   3.79727041
235.10   3.79726138
235.20   3.79725236
235.30   3.79724336
235.40   3.79723438
235.50   3.79722542
235.60   3.79721647
235.70   3.79720753
235.80   3.79719861
235.90   3.79718971
236.00   3.79718082
236.10   3.79717195
236.20   3.79716309
236.30   3.79715425
236.40   3.79714543
236.50   3.79713662
236.60   3.79712782
236.70   3.79711905
236.80   3.79711028
236.90   3.79710153
237.00   3.79709280
237.10   3.79708408
237.20   3.79707538
237.30   3.79706670
237.40   3.79705803
237.50   3.79704937
237.60   3.79704073
237.70   3.79703210
237.80   3.79702349
237.90   3.79701490
238.00   3.79700632
238.10   3.79699775
238.20   3.79698920
238.30   3.79698067
238.40   3.79697215
238.50   3.79696365
238.60   3.79695516
238.70   3.79694668
238.80   3.79693822
238.90   3.79692978
239.00   3.79692135
239.10   3.79691293
239.20   3.79690453
239.30   3.79689615
239.40   3.79688777
239.50   3.79687942
239.60   3.79687108
239.70   3.79686275
239.80   3.79685444
239.90   3.79684614
240.00   3.79683786
240.10   3.79682959
240.20   3.79682134
240.30   3.79681310
240.40   3.79680487
240.50   3.79679666
240.60   3.79678847
240.70   3.79678028
240.80   3.79677212
240.90   3.79676396
241.00   3.79675583
241.10   3.79674770
241.20   3.79673959
241.30   3.79673150
241.40   3.79672342
241.50   3.79671535
241.60   3.79670730
241.70   3.79669926
241.80   3.79669123
241.90   3.79668322
242.00   3.79667523
242.10   3.79666725
242.20   3.79665928
242.30   3.79665132
242.40   3.79664338
242.50   3.79663546
242.60   3.79662755
242.70   3.79661965
242.80   3.79661176
242.90   3.79660389
243.00   3.79659604
243.10   3.79658819
243.20   3.79658036
243.30   3.79657255
243.40   3.79656475
243.50   3.79655696
243.60   3.79654919
243.70   3.79654143
243.80   3.79653368
243.90   3.79652595
244.00   3.79651823
244.10   3.79651052
244.20   3.79650283
244.30   3.79649515
244.40   3.79648749
244.50   3.79647983
244.60   3.79647220
244.70   3.79646457
244.80   3.79645696
244.90   3.79644936
245.00   3.79644178
245.10   3.79643421
245.20   3.79642665
245.30   3.79641910
245.40   3.79641157
245.50   3.79640405
245.60   3.79639655
245.70   3.79638906
245.80   3.79638158
245.90   3.79637411
246.00   3.79636666
246.10   3.79635922
246.20   3.79635180
246.30   3.79634438
246.40   3.79633698
246.50   3.79632960
246.60   3.79632222
246.70   3.79631486
246.80   3.79630752
246.90   3.79630018
247.00   3.79629286
247.10   3.79628555
247.20   3.79627825
247.30   3.79627097
247.40   3.79626370
247.50   3.79625644
247.60   3.79624920
247.70   3.79624196
247.80   3.79623475
247.90   3.79622754
248.00   3.79622034
248.10   3.79621316
248.20   3.79620599
248.30   3.79619884
248.40   3.79619169
248.50   3.79618456
248.60   3.79617744
248.70   3.79617034
248.80   3.79616325
248.90   3.79615616
249.00   3.79614910
249.10   3.79614204
249.20   3.79613500
249.30   3.79612796
249.40   3.79612095
249.50   3.79611394
249.60   3.79610695
249.70   3.79609996
249.80   3.79609299
249.90   3.79608604
250.00   3.79607909
250.10   3.79607216
250.20   3.79606524
250.30   3.79605833
250.40   3.79605143
250.50   3.79604455
250.60   3.79603768
250.70   3.79603082
250.80   3.79602397
250.90   3.79601713
251.00   3.79601031
251.10   3.79600350
251.20   3.79599670
251.30   3.79598991
251.40   3.79598313
251.50   3.79597637
251.60   3.79596962
251.70   3.79596288
251.80   3.79595615
251.90   3.79594943
252.00   3.79594273
252.10   3.79593604
252.20   3.79592935
252.30   3.79592268
252.40   3.79591603
252.50   3.79590938
252.60   3.79590275
252.70   3.79589612
252.80   3.79588951
252.90   3.79588291
253.00   3.79587633
253.10   3.79586975
253.20   3.79586319
253.30   3.79585663
253.40   3.79585009
253.50   3.79584356
253.60   3.79583704
253.70   3.79583054
253.80   3.79582404
253.90   3.79581756
254.00   3.79581109
254.10   3.79580462
254.20   3.79579817
254.30   3.79579174
254.40   3.79578531
254.50   3.79577889
254.60   3.79577249
254.70   3.79576610
254.80   3.79575971
254.90   3.79575334
255.00   3.79574698
255.10   3.79574064
255.20   3.79573430
255.30   3.79572797
255.40   3.79572166
255.50   3.79571535
255.60   3.79570906
255.70   3.79570278
255.80   3.79569651
255.90   3.79569025
256.00   3.79568400
256.10   3.79567776
256.20   3.79567154
256.30   3.79566532
256.40   3.79565912
256.50   3.79565292
256.60   3.79564674
256.70   3.79564057
256.80   3.79563441
256.90   3.79562826
257.00   3.79562212
257.10   3.79561599
257.20   3.79560987
257.30   3.79560376
257.40   3.79559767
257.50   3.79559158
257.60   3.79558551
257.70   3.79557944
257.80   3.79557339
257.90   3.79556735
258.00   3.79556131
258.10   3.79555529
258.20   3.79554928
258.30   3.79554328
258.40   3.79553729
258.50   3.79553131
258.60   3.79552534
258.70   3.79551939
258.80   3.79551344
258.90   3.79550750
259.00   3.79550157
259.10   3.79549566
259.20   3.79548975
259.30   3.79548386
259.40   3.79547797
259.50   3.79547210
259.60   3.79546623
259.70   3.79546038
259.80   3.79545453
259.90   3.79544870
260.00   3.79544288
260.10   3.79543706
260.20   3.79543126
260.30   3.79542547
260.40   3.79541968
260.50   3.79541391
260.60   3.79540815
260.70   3.79540240
260.80   3.79539666
260.90   3.79539092
261.00   3.79538520
261.10   3.79537949
261.20   3.79537379
261.30   3.79536810
261.40   3.79536242
261.50   3.79535675
261.60   3.79535108
261.70   3.79534543
261.80   3.79533979
261.90   3.79533416
262.00   3.79532854
262.10   3.79532293
262.20   3.79531732
262.30   3.79531173
262.40   3.79530615
262.50   3.79530058
262.60   3.79529501
262.70   3.79528946
262.80   3.79528392
262.90   3.79527838
263.00   3.79527286
263.10   3.79526735
263.20   3.79526184
263.30   3.79525635
263.40   3.79525086
263.50   3.79524539
263.60   3.79523992
263.70   3.79523447
263.80   3.79522902
263.90   3.79522358
264.00   3.79521816
264.10   3.79521274
264.20   3.79520733
264.30   3.79520193
264.40   3.79519654
264.50   3.79519116
264.60   3.79518579
264.70   3.79518043
264.80   3.79517508
264.90   3.79516974
265.00   3.79516441
265.10   3.79515908
265.20   3.79515377
265.30   3.79514847
265.40   3.79514317
265.50   3.79513789
265.60   3.79513261
265.70   3.79512734
265.80   3.79512209
265.90   3.79511684
266.00   3.79511160
266.10   3.79510637
266.20   3.79510115
266.30   3.79509593
266.40   3.79509073
266.50   3.79508554
266.60   3.79508035
266.70   3.79507518
266.80   3.79507001
266.90   3.79506486
267.00   3.79505971
267.10   3.79505457
267.20   3.79504944
267.30   3.79504432
267.40   3.79503921
267.50   3.79503411
267.60   3.79502901
267.70   3.79502393
267.80   3.79501885
267.90   3.79501378
268.00   3.79500873
268.10   3.79500368
268.20   3.79499864
268.30   3.79499361
268.40   3.79498858
268.50   3.79498357
268.60   3.79497857
268.70   3.79497357
268.80   3.79496858
268.90   3.79496360
269.00   3.79495864
269.10   3.79495367
269.20   3.79494872
269.30   3.79494378
269.40   3.79493884
269.50   3.79493392
269.60   3.79492900
269.70   3.79492409
269.80   3.79491919
269.90   3.79491430
270.00   3.79490942
270.10   3.79490454
270.20   3.79489968
270.30   3.79489482
270.40   3.79488997
270.50   3.79488513
270.60   3.79488030
270.70   3.79487548
270.80   3.79487066
270.90   3.79486586
271.00   3.79486106
271.10   3.79485627
271.20   3.79485149
271.30   3.79484672
271.40   3.79484195
271.50   3.79483720
271.60   3.79483245
271.70   3.79482771
271.80   3.79482298
271.90   3.79481826
272.00   3.79481355
272.10   3.79480884
272.20   3.79480414
272.30   3.79479945
272.40   3.79479477
272.50   3.79479010
272.60   3.79478544
272.70   3.79478078
272.80   3.79477613
272.90   3.79477149
273.00   3.79476686
273.10   3.79476224
273.20   3.79475762
273.30   3.79475302
273.40   3.79474842
273.50   3.79474383
273.60   3.79473924
273.70   3.79473467
273.80   3.79473010
273.90   3.79472554
274.00   3.79472099
274.10   3.79471645
274.20   3.79471192
274.30   3.79470739
274.40   3.79470287
274.50   3.79469836
274.60   3.79469386
274.70   3.79468936
274.80   3.79468488
274.90   3.79468040
275.00   3.79467593
275.10   3.79467146
275.20   3.79466701
275.30   3.79466256
275.40   3.79465812
275.50   3.79465369
275.60   3.79464926
275.70   3.79464485
275.80   3.79464044
275.90   3.79463604
276.00   3.79463165
276.10   3.79462726
276.20   3.79462288
276.30   3.79461851
276.40   3.79461415
276.50   3.79460980
276.60   3.79460545
276.70   3.79460111
276.80   3.79459678
276.90   3.79459245
277.00   3.79458814
277.10   3.79458383
277.20   3.79457953
277.30   3.79457523
277.40   3.79457095
277.50   3.79456667
277.60   3.79456240
277.70   3.79455814
277.80   3.79455388
277.90   3.79454963
278.00   3.79454539
278.10   3.79454116
278.20   3.79453693
278.30   3.79453271
278.40   3.79452850
278.50   3.79452430
278.60   3.79452010
278.70   3.79451591
278.80   3.79451173
278.90   3.79450756
279.00   3.79450339
279.10   3.79449923
279.20   3.79449508
279.30   3.79449093
279.40   3.79448679
279.50   3.79448266
279.60   3.79447854
279.70   3.79447442
279.80   3.79447032
279.90   3.79446621
280.00   3.79446212
280.10   3.79445803
280.20   3.79445395
280.30   3.79444988
280.40   3.79444582
280.50   3.79444176
280.60   3.79443771
280.70   3.79443366
280.80   3.79442963
280.90   3.79442560
281.00   3.79442157
281.10   3.79441756
281.20   3.79441355
281.30   3.79440955
281.40   3.79440555
281.50   3.79440157
281.60   3.79439758
281.70   3.79439361
281.80   3.79438965
281.90   3.79438569
282.00   3.79438173
282.10   3.79437779
282.20   3.79437385
282.30   3.79436992
282.40   3.79436599
282.50   3.79436208
282.60   3.79435816
282.70   3.79435426
282.80   3.79435036
282.90   3.79434647
283.00   3.79434259
283.10   3.79433871
283.20   3.79433484
283.30   3.79433098
283.40   3.79432712
283.50   3.79432327
283.60   3.79431943
283.70   3.79431560
283.80   3.79431177
283.90   3.79430794
284.00   3.79430413
284.10   3.79430032
284.20   3.79429652
284.30   3.79429272
284.40   3.79428893
284.50   3.79428515
284.60   3.79428138
284.70   3.79427761
284.80   3.79427384
284.90   3.79427009
285.00   3.79426634
285.10   3.79426260
285.20   3.79425886
285.30   3.79425513
285.40   3.79425141
285.50   3.79424769
285.60   3.79424398
285.70   3.79424028
285.80   3.79423659
285.90   3.79423290
286.00   3.79422921
286.10   3.79422553
286.20   3.79422186
286.30   3.79421820
286.40   3.79421454
286.50   3.79421089
286.60   3.79420725
286.70   3.79420361
286.80   3.79419998
286.90   3.79419635
287.00   3.79419273
287.10   3.79418912
287.20   3.79418551
287.30   3.79418191
287.40   3.79417832
287.50   3.79417473
287.60   3.79417115
287.70   3.79416757
287.80   3.79416401
287.90   3.79416044
288.00   3.79415689
288.10   3.79415334
288.20   3.79414979
288.30   3.79414626
288.40   3.79414273
288.50   3.79413920
288.60   3.79413568
288.70   3.79413217
288.80   3.79412866
288.90   3.79412516
289.00   3.79412167
289.10   3.79411818
289.20   3.79411470
289.30   3.79411122
289.40   3.79410776
289.50   3.79410429
289.60   3.79410083
289.70   3.79409738
289.80   3.79409394
289.90   3.79409050
290.00   3.79408707
290.10   3.79408364
290.20   3.79408022
290.30   3.79407680
290.40   3.79407340
290.50   3.79406999
290.60   3.79406660
290.70   3.79406321
290.80   3.79405982
290.90   3.79405644
291.00   3.79405307
291.10   3.79404970
291.20   3.79404634
291.30   3.79404299
291.40   3.79403964
291.50   3.79403629
291.60   3.79403295
291.70   3.79402962
291.80   3.79402630
291.90   3.79402298
292.00   3.79401966
292.10   3.79401636
292.20   3.79401305
292.30   3.79400976
292.40   3.79400647
292.50   3.79400318
292.60   3.79399990
292.70   3.79399663
292.80   3.79399336
292.90   3.79399010
293.00   3.79398684
293.10   3.79398359
293.20   3.79398035
293.30   3.79397711
293.40   3.79397387
293.50   3.79397065
293.60   3.79396742
293.70   3.79396421
293.80   3.79396100
293.90   3.79395779
294.00   3.79395459
294.10   3.79395140
294.20   3.79394821
294.30   3.79394503
294.40   3.79394185
294.50   3.79393868
294.60   3.79393552
294.70   3.79393236
294.80   3.79392920
294.90   3.79392605
295.00   3.79392291
295.10   3.79391977
295.20   3.79391664
295.30   3.79391351
295.40   3.79391039
295.50   3.79390727
295.60   3.79390416
295.70   3.79390106
295.80   3.79389796
295.90   3.79389486
296.00   3.79389178
296.10   3.79388869
296.20   3.79388562
296.30   3.79388254
296.40   3.79387948
296.50   3.79387641
296.60   3.79387336
296.70   3.79387031
296.80   3.79386726
296.90   3.79386422
297.00   3.79386119
297.10   3.79385816
297.20   3.79385513
297.30   3.79385212
297.40   3.79384910
297.50   3.79384609
297.60   3.79384309
297.70   3.79384009
297.80   3.79383710
297.90   3.79383412
298.00   3.79383113
298.10   3.79382816
298.20   3.79382519
298.30   3.79382222
298.40   3.79381926
298.50   3.79381630
298.60   3.79381335
298.70   3.79381041
298.80   3.79380747
298.90   3.79380453
299.00   3.79380160
299.10   3.79379868
299.20   3.79379576
299.30   3.79379285
299.40   3.79378994
299.50   3.79378703
299.60   3.79378413
299.70   3.79378124
299.80   3.79377835
299.90   3.79377547
300.00   3.79377259
