  Time Stress
  0.00   4.18298000
  0.10   4.17313274
  0.20   4.16368112
  0.30   4.15460758
  0.40   4.14589532
  0.50   4.13752830
  0.60   4.12949122
  0.70   4.12176944
  0.80   4.11434901
  0.90   4.10721657
  1.00   4.10035940
  1.10   4.09376532
  1.20   4.08742272
  1.30   4.08132050
  1.40   4.07544806
  1.50   4.06979528
  1.60   4.06435248
  1.70   4.05911045
  1.80   4.05406035
  1.90   4.04919377
  2.00   4.04450267
  2.10   4.03997935
  2.20   4.03561648
  2.30   4.03140706
  2.40   4.02734439
  2.50   4.02342207
  2.60   4.01963401
  2.70   4.01597435
  2.80   4.01243755
  2.90   4.00901827
  3.00   4.00571142
  3.10   4.00251217
  3.20   3.99941586
  3.30   3.99641807
  3.40   3.99351457
  3.50   3.99070131
  3.60   3.98797444
  3.70   3.98533026
  3.80   3.98276526
  3.90   3.98027607
  4.00   3.97785947
  4.10   3.97551239
  4.20   3.97323190
  4.30   3.97101519
  4.40   3.96885959
  4.50   3.96676254
  4.60   3.96472160
  4.70   3.96273442
  4.80   3.96079878
  4.90   3.95891255
  5.00   3.95707369
  5.10   3.95528025
  5.20   3.95353038
  5.30   3.95182230
  5.40   3.95015431
  5.50   3.94852479
  5.60   3.94693218
  5.70   3.94537501
  5.80   3.94385186
  5.90   3.94236138
  6.00   3.94090228
  6.10   3.93947331
  6.20   3.93807331
  6.30   3.93670113
  6.40   3.93535570
  6.50   3.93403599
  6.60   3.93274102
  6.70   3.93146983
  6.80   3.93022153
  6.90   3.92899526
  7.00   3.92779019
  7.10   3.92660554
  7.20   3.92544055
  7.30   3.92429451
  7.40   3.92316671
  7.50   3.92205652
  7.60   3.92096329
  7.70   3.91988642
  7.80   3.91882535
  7.90   3.91777950
  8.00   3.91674837
  8.10   3.91573144
  8.20   3.91472824
  8.30   3.91373829
  8.40   3.91276117
  8.50   3.91179644
  8.60   3.91084370
  8.70   3.90990256
  8.80   3.90897266
  8.90   3.90805363
  9.00   3.90714515
  9.10   3.90624687
  9.20   3.90535850
  9.30   3.90447973
  9.40   3.90361028
  9.50   3.90274987
  9.60   3.90189824
  9.70   3.90105514
  9.80   3.90022032
  9.90   3.89939357
 10.00   3.89857465
 10.10   3.89776336
 10.20   3.89695949
 10.30   3.89616285
 10.40   3.89537324
 10.50   3.89459049
 10.60   3.89381443
 10.70   3.89304490
 10.80   3.89228172
 10.90   3.89152476
 11.00   3.89077387
 11.10   3.89002890
 11.20   3.88928972
 11.30   3.88855620
 11.40   3.88782822
 11.50   3.88710565
 11.60   3.88638839
 11.70   3.88567632
 11.80   3.88496934
 11.90   3.88426734
 12.00   3.88357023
 12.10   3.88287790
 12.20   3.88219028
 12.30   3.88150727
 12.40   3.88082878
 12.50   3.88015474
 12.60   3.87948507
 12.70   3.87881970
 12.80   3.87815854
 12.90   3.87750153
 13.00   3.87684860
 13.10   3.87619969
 13.20   3.87555473
 13.30   3.87491367
 13.40   3.87427643
 13.50   3.87364297
 13.60   3.87301324
 13.70   3.87238717
 13.80   3.87176471
 13.90   3.87114583
 14.00   3.87053046
 14.10   3.86991856
 14.20   3.86931009
 14.30   3.86870500
 14.40   3.86810325
 14.50   3.86750480
 14.60   3.86690961
 14.70   3.86631764
 14.80   3.86572885
 14.90   3.86514320
 15.00   3.86456066
 15.10   3.86398120
 15.20   3.86340479
 15.30   3.86283138
 15.40   3.86226094
 15.50   3.86169346
 15.60   3.86112888
 15.70   3.86056720
 15.80   3.86000837
 15.90   3.85945237
 16.00   3.85889918
 16.10   3.85834876
 16.20   3.85780109
 16.30   3.85725614
 16.40   3.85671389
 16.50   3.85617432
 16.60   3.85563740
 16.70   3.85510311
 16.80   3.85457142
 16.90   3.85404231
 17.00   3.85351577
 17.10   3.85299177
 17.20   3.85247028
 17.30   3.85195129
 17.40   3.85143479
 17.50   3.85092074
 17.60   3.85040913
 17.70   3.84989994
 17.80   3.84939315
 17.90   3.84888874
 18.00   3.84838670
 18.10   3.84788700
 18.20   3.84738964
 18.30   3.84689459
 18.40   3.84640183
 18.50   3.84591135
 18.60   3.84542313
 18.70   3.84493716
 18.80   3.84445342
 18.90   3.84397190
 19.00   3.84349257
 19.10   3.84301543
 19.20   3.84254046
 19.30   3.84206764
 19.40   3.84159696
 19.50   3.84112840
 19.60   3.84066196
 19.70   3.84019761
 19.80   3.83973534
 19.90   3.83927515
 20.00   3.83881700
 20.10   3.83836090
 20.20   3.83790683
 20.30   3.83745478
 20.40   3.83700472
 20.50   3.83655666
 20.60   3.83611057
 20.70   3.83566645
 20.80   3.83522428
 20.90   3.83478404
 21.00   3.83434574
 21.10   3.83390935
 21.20   3.83347486
 21.30   3.83304227
 21.40   3.83261155
 21.50   3.83218271
 21.60   3.83175572
 21.70   3.83133057
 21.80   3.83090726
 21.90   3.83048577
 22.00   3.83006610
 22.10   3.82964822
 22.20   3.82923213
 22.30   3.82881783
 22.40   3.82840529
 22.50   3.82799450
 22.60   3.82758547
 22.70   3.82717817
 22.80   3.82677260
 22.90   3.82636875
 23.00   3.82596660
 23.10   3.82556614
 23.20   3.82516737
 23.30   3.82477028
 23.40   3.82437485
 23.50   3.82398108
 23.60   3.82358895
 23.70   3.82319847
 23.80   3.82280960
 23.90   3.82242236
 24.00   3.82203672
 24.10   3.82165268
 24.20   3.82127023
 24.30   3.82088936
 24.40   3.82051007
 24.50   3.82013233
 24.60   3.81975614
 24.70   3.81938150
 24.80   3.81900840
 24.90   3.81863682
 25.00   3.81826675
 25.10   3.81789820
 25.20   3.81753114
 25.30   3.81716557
 25.40   3.81680149
 25.50   3.81643888
 25.60   3.81607774
 25.70   3.81571805
 25.80   3.81535981
 25.90   3.81500301
 26.00   3.81464764
 26.10   3.81429370
 26.20   3.81394117
 26.30   3.81359005
 26.40   3.81324033
 26.50   3.81289200
 26.60   3.81254506
 26.70   3.81219948
 26.80   3.81185528
 26.90   3.81151244
 27.00   3.81117095
 27.10   3.81083080
 27.20   3.81049200
 27.30   3.81015452
 27.40   3.80981836
 27.50   3.80948352
 27.60   3.80914998
 27.70   3.80881774
 27.80   3.80848680
 27.90   3.80815714
 28.00   3.80782876
 28.10   3.80750165
 28.20   3.80717580
 28.30   3.80685121
 28.40   3.80652787
 28.50   3.80620577
 28.60   3.80588490
 28.70   3.80556526
 28.80   3.80524685
 28.90   3.80492964
 29.00   3.80461365
 29.10   3.80429885
 29.20   3.80398525
 29.30   3.80367284
 29.40   3.80336161
 29.50   3.80305155
 29.60   3.80274266
 29.70   3.80243493
 29.80   3.80212835
 29.90   3.80182292
 30.00   3.80151864
 30.10   3.80121548
 30.20   3.80091346
 30.30   3.80061256
 30.40   3.80031277
 30.50   3.80001410
 30.60   3.79971653
 30.70   3.79942005
 30.80   3.79912467
 30.90   3.79883037
 31.00   3.79853716
 31.10   3.79824501
 31.20   3.79795393
 31.30   3.79766392
 31.40   3.79737496
 31.50   3.79708705
 31.60   3.79680018
 31.70   3.79651435
 31.80   3.79622955
 31.90   3.79594578
 32.00   3.79566303
 32.10   3.79538130
 32.20   3.79510057
 32.30   3.79482085
 32.40   3.79454213
 32.50   3.79426440
 32.60   3.79398766
 32.70   3.79371190
 32.80   3.79343711
 32.90   3.79316330
 33.00   3.79289045
 33.10   3.79261856
 33.20   3.79234763
 33.30   3.79207765
 33.40   3.79180861
 33.50   3.79154051
 33.60   3.79127334
 33.70   3.79100711
 33.80   3.79074179
 33.90   3.79047740
 34.00   3.79021392
 34.10   3.78995135
 34.20   3.78968968
 34.30   3.78942891
 34.40   3.78916904
 34.50   3.78891005
 34.60   3.78865195
 34.70   3.78839473
 34.80   3.78813838
 34.90   3.78788290
 35.00   3.78762829
 35.10   3.78737453
 35.20   3.78712163
 35.30   3.78686959
 35.40   3.78661839
 35.50   3.78636802
 35.60   3.78611850
 35.70   3.78586981
 35.80   3.78562195
 35.90   3.78537491
 36.00   3.78512868
 36.10   3.78488328
 36.20   3.78463868
 36.30   3.78439489
 36.40   3.78415189
 36.50   3.78390970
 36.60   3.78366830
 36.70   3.78342768
 36.80   3.78318785
 36.90   3.78294880
 37.00   3.78271052
 37.10   3.78247302
 37.20   3.78223628
 37.30   3.78200031
 37.40   3.78176509
 37.50   3.78153063
 37.60   3.78129692
 37.70   3.78106395
 37.80   3.78083173
 37.90   3.78060024
 38.00   3.78036949
 38.10   3.78013947
 38.20   3.77991018
 38.30   3.77968160
 38.40   3.77945375
 38.50   3.77922661
 38.60   3.77900019
 38.70   3.77877447
 38.80   3.77854945
 38.90   3.77832513
 39.00   3.77810151
 39.10   3.77787858
 39.20   3.77765634
 39.30   3.77743478
 39.40   3.77721391
 39.50   3.77699371
 39.60   3.77677418
 39.70   3.77655533
 39.80   3.77633714
 39.90   3.77611961
 40.00   3.77590274
 40.10   3.77568653
 40.20   3.77547097
 40.30   3.77525606
 40.40   3.77504180
 40.50   3.77482818
 40.60   3.77461519
 40.70   3.77440285
 40.80   3.77419113
 40.90   3.77398004
 41.00   3.77376958
 41.10   3.77355973
 41.20   3.77335051
 41.30   3.77314190
 41.40   3.77293390
 41.50   3.77272652
 41.60   3.77251973
 41.70   3.77231355
 41.80   3.77210797
 41.90   3.77190299
 42.00   3.77169859
 42.10   3.77149479
 42.20   3.77129157
 42.30   3.77108894
 42.40   3.77088689
 42.50   3.77068541
 42.60   3.77048451
 42.70   3.77028418
 42.80   3.77008442
 42.90   3.76988522
 43.00   3.76968659
 43.10   3.76948851
 43.20   3.76929099
 43.30   3.76909402
 43.40   3.76889761
 43.50   3.76870174
 43.60   3.76850642
 43.70   3.76831164
 43.80   3.76811740
 43.90   3.76792369
 44.00   3.76773052
 44.10   3.76753788
 44.20   3.76734576
 44.30   3.76715418
 44.40   3.76696311
 44.50   3.76677256
 44.60   3.76658254
 44.70   3.76639302
 44.80   3.76620402
 44.90   3.76601552
 45.00   3.76582754
 45.10   3.76564005
 45.20   3.76545307
 45.30   3.76526659
 45.40   3.76508060
 45.50   3.76489510
 45.60   3.76471010
 45.70   3.76452559
 45.80   3.76434156
 45.90   3.76415801
 46.00   3.76397495
 46.10   3.76379236
 46.20   3.76361025
 46.30   3.76342861
 46.40   3.76324744
 46.50   3.76306675
 46.60   3.76288652
 46.70   3.76270675
 46.80   3.76252744
 46.90   3.76234860
 47.00   3.76217021
 47.10   3.76199227
 47.20   3.76181479
 47.30   3.76163775
 47.40   3.76146117
 47.50   3.76128503
 47.60   3.76110933
 47.70   3.76093407
 47.80   3.76075925
 47.90   3.76058487
 48.00   3.76041092
 48.10   3.76023740
 48.20   3.76006432
 48.30   3.75989166
 48.40   3.75971942
 48.50   3.75954761
 48.60   3.75937622
 48.70   3.75920525
 48.80   3.75903470
 48.90   3.75886456
 49.00   3.75869483
 49.10   3.75852552
 49.20   3.75835661
 49.30   3.75818811
 49.40   3.75802001
 49.50   3.75785232
 49.60   3.75768503
 49.70   3.75751813
 49.80   3.75735163
 49.90   3.75718553
 50.00   3.75701981
 50.10   3.75685449
 50.20   3.75668956
 50.30   3.75652501
 50.40   3.75636085
 50.50   3.75619707
 50.60   3.75603368
 50.70   3.75587066
 50.80   3.75570801
 50.90   3.75554575
 51.00   3.75538386
 51.10   3.75522233
 51.20   3.75506118
 51.30   3.75490040
 51.40   3.75473998
 51.50   3.75457993
 51.60   3.75442023
 51.70   3.75426090
 51.80   3.75410193
 51.90   3.75394332
 52.00   3.75378506
 52.10   3.75362715
 52.20   3.75346960
 52.30   3.75331240
 52.40   3.75315554
 52.50   3.75299904
 52.60   3.75284287
 52.70   3.75268706
 52.80   3.75253158
 52.90   3.75237644
 53.00   3.75222164
 53.10   3.75206718
 53.20   3.75191306
 53.30   3.75175926
 53.40   3.75160580
 53.50   3.75145267
 53.60   3.75129987
 53.70   3.75114739
 53.80   3.75099525
 53.90   3.75084342
 54.00   3.75069192
 54.10   3.75054074
 54.20   3.75038988
 54.30   3.75023933
 54.40   3.75008910
 54.50   3.74993919
 54.60   3.74978959
 54.70   3.74964030
 54.80   3.74949133
 54.90   3.74934266
 55.00   3.74919430
 55.10   3.74904624
 55.20   3.74889849
 55.30   3.74875104
 55.40   3.74860390
 55.50   3.74845705
 55.60   3.74831051
 55.70   3.74816426
 55.80   3.74801830
 55.90   3.74787264
 56.00   3.74772728
 56.10   3.74758220
 56.20   3.74743742
 56.30   3.74729293
 56.40   3.74714872
 56.50   3.74700480
 56.60   3.74686116
 56.70   3.74671781
 56.80   3.74657474
 56.90   3.74643196
 57.00   3.74628945
 57.10   3.74614722
 57.20   3.74600526
 57.30   3.74586359
 57.40   3.74572218
 57.50   3.74558106
 57.60   3.74544020
 57.70   3.74529961
 57.80   3.74515930
 57.90   3.74501925
 58.00   3.74487947
 58.10   3.74473995
 58.20   3.74460070
 58.30   3.74446171
 58.40   3.74432299
 58.50   3.74418452
 58.60   3.74404632
 58.70   3.74390838
 58.80   3.74377069
 58.90   3.74363326
 59.00   3.74349608
 59.10   3.74335916
 59.20   3.74322249
 59.30   3.74308607
 59.40   3.74294990
 59.50   3.74281398
 59.60   3.74267831
 59.70   3.74254289
 59.80   3.74240771
 59.90   3.74227278
 60.00   3.74213809
 60.10   3.74200365
 60.20   3.74186944
 60.30   3.74173548
 60.40   3.74160176
 60.50   3.74146827
 60.60   3.74133502
 60.70   3.74120201
 60.80   3.74106924
 60.90   3.74093670
 61.00   3.74080439
 61.10   3.74067231
 61.20   3.74054046
 61.30   3.74040885
 61.40   3.74027746
 61.50   3.74014630
 61.60   3.74001537
 61.70   3.73988467
 61.80   3.73975419
 61.90   3.73962393
 62.00   3.73949390
 62.10   3.73936409
 62.20   3.73923450
 62.30   3.73910513
 62.40   3.73897598
 62.50   3.73884705
 62.60   3.73871834
 62.70   3.73858984
 62.80   3.73846156
 62.90   3.73833349
 63.00   3.73820563
 63.10   3.73807799
 63.20   3.73795056
 63.30   3.73782334
 63.40   3.73769633
 63.50   3.73756954
 63.60   3.73744294
 63.70   3.73731656
 63.80   3.73719038
 63.90   3.73706441
 64.00   3.73693864
 64.10   3.73681308
 64.20   3.73668772
 64.30   3.73656256
 64.40   3.73643760
 64.50   3.73631284
 64.60   3.73618829
 64.70   3.73606393
 64.80   3.73593977
 64.90   3.73581580
 65.00   3.73569203
 65.10   3.73556846
 65.20   3.73544508
 65.30   3.73532190
 65.40   3.73519891
 65.50   3.73507611
 65.60   3.73495350
 65.70   3.73483108
 65.80   3.73470885
 65.90   3.73458682
 66.00   3.73446496
 66.10   3.73434330
 66.20   3.73422183
 66.30   3.73410053
 66.40   3.73397943
 66.50   3.73385851
 66.60   3.73373777
 66.70   3.73361722
 66.80   3.73349684
 66.90   3.73337665
 67.00   3.73325664
 67.10   3.73313681
 67.20   3.73301716
 67.30   3.73289769
 67.40   3.73277839
 67.50   3.73265927
 67.60   3.73254033
 67.70   3.73242156
 67.80   3.73230297
 67.90   3.73218456
 68.00   3.73206631
 68.10   3.73194824
 68.20   3.73183034
 68.30   3.73171261
 68.40   3.73159506
 68.50   3.73147767
 68.60   3.73136045
 68.70   3.73124340
 68.80   3.73112652
 68.90   3.73100981
 69.00   3.73089326
 69.10   3.73077688
 69.20   3.73066067
 69.30   3.73054462
 69.40   3.73042873
 69.50   3.73031301
 69.60   3.73019745
 69.70   3.73008205
 69.80   3.72996682
 69.90   3.72985174
 70.00   3.72973683
 70.10   3.72962207
 70.20   3.72950748
 70.30   3.72939304
 70.40   3.72927876
 70.50   3.72916464
 70.60   3.72905068
 70.70   3.72893687
 70.80   3.72882321
 70.90   3.72870972
 71.00   3.72859637
 71.10   3.72848318
 71.20   3.72837014
 71.30   3.72825726
 71.40   3.72814453
 71.50   3.72803195
 71.60   3.72791952
 71.70   3.72780724
 71.80   3.72769511
 71.90   3.72758312
 72.00   3.72747129
 72.10   3.72735961
 72.20   3.72724807
 72.30   3.72713668
 72.40   3.72702544
 72.50   3.72691434
 72.60   3.72680339
 72.70   3.72669258
 72.80   3.72658192
 72.90   3.72647140
 73.00   3.72636102
 73.10   3.72625079
 73.20   3.72614070
 73.30   3.72603075
 73.40   3.72592094
 73.50   3.72581128
 73.60   3.72570175
 73.70   3.72559236
 73.80   3.72548311
 73.90   3.72537400
 74.00   3.72526503
 74.10   3.72515620
 74.20   3.72504750
 74.30   3.72493894
 74.40   3.72483052
 74.50   3.72472223
 74.60   3.72461408
 74.70   3.72450606
 74.80   3.72439817
 74.90   3.72429042
 75.00   3.72418281
 75.10   3.72407532
 75.20   3.72396797
 75.30   3.72386075
 75.40   3.72375366
 75.50   3.72364671
 75.60   3.72353988
 75.70   3.72343318
 75.80   3.72332662
 75.90   3.72322018
 76.00   3.72311387
 76.10   3.72300769
 76.20   3.72290164
 76.30   3.72279571
 76.40   3.72268991
 76.50   3.72258424
 76.60   3.72247870
 76.70   3.72237328
 76.80   3.72226798
 76.90   3.72216281
 77.00   3.72205777
 77.10   3.72195285
 77.20   3.72184805
 77.30   3.72174338
 77.40   3.72163882
 77.50   3.72153440
 77.60   3.72143009
 77.70   3.72132590
 77.80   3.72122184
 77.90   3.72111790
 78.00   3.72101407
 78.10   3.72091037
 78.20   3.72080679
 78.30   3.72070332
 78.40   3.72059998
 78.50   3.72049675
 78.60   3.72039364
 78.70   3.72029065
 78.80   3.72018777
 78.90   3.72008502
 79.00   3.71998237
 79.10   3.71987985
 79.20   3.71977744
 79.30   3.71967515
 79.40   3.71957297
 79.50   3.71947090
 79.60   3.71936895
 79.70   3.71926712
 79.80   3.71916540
 79.90   3.71906379
 80.00   3.71896229
 80.10   3.71886091
 80.20   3.71875963
 80.30   3.71865847
 80.40   3.71855743
 80.50   3.71845649
 80.60   3.71835566
 80.70   3.71825494
 80.80   3.71815434
 80.90   3.71805384
 81.00   3.71795345
 81.10   3.71785318
 81.20   3.71775301
 81.30   3.71765294
 81.40   3.71755299
 81.50   3.71745315
 81.60   3.71735341
 81.70   3.71725378
 81.80   3.71715425
 81.90   3.71705483
 82.00   3.71695552
 82.10   3.71685631
 82.20   3.71675721
 82.30   3.71665822
 82.40   3.71655933
 82.50   3.71646054
 82.60   3.71636186
 82.70   3.71626328
 82.80   3.71616480
 82.90   3.71606643
 83.00   3.71596816
 83.10   3.71587000
 83.20   3.71577193
 83.30   3.71567397
 83.40   3.71557611
 83.50   3.71547835
 83.60   3.71538070
 83.70   3.71528314
 83.80   3.71518568
 83.90   3.71508833
 84.00   3.71499107
 84.10   3.71489392
 84.20   3.71479686
 84.30   3.71469990
 84.40   3.71460304
 84.50   3.71450628
 84.60   3.71440962
 84.70   3.71431306
 84.80   3.71421659
 84.90   3.71412022
 85.00   3.71402395
 85.10   3.71392778
 85.20   3.71383170
 85.30   3.71373572
 85.40   3.71363983
 85.50   3.71354404
 85.60   3.71344835
 85.70   3.71335275
 85.80   3.71325725
 85.90   3.71316184
 86.00   3.71306652
 86.10   3.71297130
 86.20   3.71287618
 86.30   3.71278115
 86.40   3.71268621
 86.50   3.71259136
 86.60   3.71249661
 86.70   3.71240195
 86.80   3.71230738
 86.90   3.71221291
 87.00   3.71211852
 87.10   3.71202423
 87.20   3.71193003
 87.30   3.71183592
 87.40   3.71174190
 87.50   3.71164798
 87.60   3.71155414
 87.70   3.71146040
 87.80   3.71136674
 87.90   3.71127317
 88.00   3.71117970
 88.10   3.71108631
 88.20   3.71099301
 88.30   3.71089980
 88.40   3.71080668
 88.50   3.71071365
 88.60   3.71062071
 88.70   3.71052785
 88.80   3.71043508
 88.90   3.71034240
 89.00   3.71024981
 89.10   3.71015730
 89.20   3.71006488
 89.30   3.70997255
 89.40   3.70988030
 89.50   3.70978814
 89.60   3.70969607
 89.70   3.70960408
 89.80   3.70951218
 89.90   3.70942036
 90.00   3.70932863
 90.10   3.70923698
 90.20   3.70914542
 90.30   3.70905394
 90.40   3.70896255
 90.50   3.70887124
 90.60   3.70878001
 90.70   3.70868887
 90.80   3.70859781
 90.90   3.70850684
 91.00   3.70841595
 91.10   3.70832514
 91.20   3.70823441
 91.30   3.70814377
 91.40   3.70805321
 91.50   3.70796273
 91.60   3.70787233
 91.70   3.70778201
 91.80   3.70769178
 91.90   3.70760163
 92.00   3.70751155
 92.10   3.70742156
 92.20   3.70733165
 92.30   3.70724182
 92.40   3.70715207
 92.50   3.70706240
 92.60   3.70697282
 92.70   3.70688331
 92.80   3.70679388
 92.90   3.70670453
 93.00   3.70661526
 93.10   3.70652606
 93.20   3.70643695
 93.30   3.70634792
 93.40   3.70625896
 93.50   3.70617008
 93.60   3.70608128
 93.70   3.70599256
 93.80   3.70590392
 93.90   3.70581536
 94.00   3.70572687
 94.10   3.70563846
 94.20   3.70555012
 94.30   3.70546187
 94.40   3.70537369
 94.50   3.70528558
 94.60   3.70519756
 94.70   3.70510961
 94.80   3.70502173
 94.90   3.70493394
 95.00   3.70484621
 95.10   3.70475857
 95.20   3.70467100
 95.30   3.70458350
 95.40   3.70449608
 95.50   3.70440873
 95.60   3.70432146
 95.70   3.70423427
 95.80   3.70414714
 95.90   3.70406010
 96.00   3.70397312
 96.10   3.70388623
 96.20   3.70379940
 96.30   3.70371265
 96.40   3.70362597
 96.50   3.70353937
 96.60   3.70345284
 96.70   3.70336638
 96.80   3.70327999
 96.90   3.70319368
 97.00   3.70310744
 97.10   3.70302127
 97.20   3.70293518
 97.30   3.70284916
 97.40   3.70276321
 97.50   3.70267733
 97.60   3.70259152
 97.70   3.70250579
 97.80   3.70242012
 97.90   3.70233453
 98.00   3.70224901
 98.10   3.70216356
 98.20   3.70207818
 98.30   3.70199287
 98.40   3.70190764
 98.50   3.70182247
 98.60   3.70173737
 98.70   3.70165235
 98.80   3.70156739
 98.90   3.70148251
 99.00   3.70139769
 99.10   3.70131294
 99.20   3.70122827
 99.30   3.70114366
 99.40   3.70105912
 99.50   3.70097465
 99.60   3.70089025
 99.70   3.70080592
 99.80   3.70072166
 99.90   3.70063746
100.00   3.70055334
100.10   3.70046928
100.20   3.70038529
100.30   3.70030137
100.40   3.70021752
100.50   3.70013373
100.60   3.70005001
100.70   3.69996636
100.80   3.69988278
100.90   3.69979927
101.00   3.69971582
101.10   3.69963244
101.20   3.69954913
101.30   3.69946588
101.40   3.69938270
101.50   3.69929959
101.60   3.69921654
101.70   3.69913356
101.80   3.69905064
101.90   3.69896780
102.00   3.69888501
102.10   3.69880230
102.20   3.69871965
102.30   3.69863706
102.40   3.69855454
102.50   3.69847209
102.60   3.69838970
102.70   3.69830738
102.80   3.69822512
102.90   3.69814292
103.00   3.69806080
103.10   3.69797873
103.20   3.69789673
103.30   3.69781480
103.40   3.69773293
103.50   3.69765112
103.60   3.69756938
103.70   3.69748770
103.80   3.69740609
103.90   3.69732454
104.00   3.69724305
104.10   3.69716163
104.20   3.69708027
104.30   3.69699898
104.40   3.69691774
104.50   3.69683657
104.60   3.69675547
104.70   3.69667442
104.80   3.69659344
104.90   3.69651253
105.00   3.69643167
105.10   3.69635088
105.20   3.69627015
105.30   3.69618948
105.40   3.69610888
105.50   3.69602834
105.60   3.69594785
105.70   3.69586744
105.80   3.69578708
105.90   3.69570678
106.00   3.69562655
106.10   3.69554638
106.20   3.69546627
106.30   3.69538622
106.40   3.69530623
106.50   3.69522630
106.60   3.69514644
106.70   3.69506663
106.80   3.69498689
106.90   3.69490720
107.00   3.69482758
107.10   3.69474802
107.20   3.69466852
107.30   3.69458908
107.40   3.69450970
107.50   3.69443038
107.60   3.69435112
107.70   3.69427191
107.80   3.69419277
107.90   3.69411369
108.00   3.69403467
108.10   3.69395571
108.20   3.69387681
108.30   3.69379797
108.40   3.69371918
108.50   3.69364046
108.60   3.69356180
108.70   3.69348319
108.80   3.69340464
108.90   3.69332616
109.00   3.69324773
109.10   3.69316936
109.20   3.69309105
109.30   3.69301280
109.40   3.69293460
109.50   3.69285647
109.60   3.69277839
109.70   3.69270037
109.80   3.69262241
109.90   3.69254451
110.00   3.69246666
110.10   3.69238887
110.20   3.69231114
110.30   3.69223347
110.40   3.69215586
110.50   3.69207830
110.60   3.69200080
110.70   3.69192336
110.80   3.69184598
110.90   3.69176865
111.00   3.69169138
111.10   3.69161417
111.20   3.69153701
111.30   3.69145992
111.40   3.69138287
111.50   3.69130589
111.60   3.69122896
111.70   3.69115209
111.80   3.69107527
111.90   3.69099851
112.00   3.69092181
112.10   3.69084517
112.20   3.69076858
112.30   3.69069204
112.40   3.69061556
112.50   3.69053914
112.60   3.69046278
112.70   3.69038647
112.80   3.69031021
112.90   3.69023401
113.00   3.69015787
113.10   3.69008178
113.20   3.69000575
113.30   3.68992977
113.40   3.68985385
113.50   3.68977798
113.60   3.68970217
113.70   3.68962642
113.80   3.68955072
113.90   3.68947507
114.00   3.68939948
114.10   3.68932394
114.20   3.68924846
114.30   3.68917303
114.40   3.68909766
114.50   3.68902234
114.60   3.68894708
114.70   3.68887187
114.80   3.68879671
114.90   3.68872161
115.00   3.68864656
115.10   3.68857157
115.20   3.68849663
115.30   3.68842175
115.40   3.68834692
115.50   3.68827214
115.60   3.68819742
115.70   3.68812275
115.80   3.68804813
115.90   3.68797357
116.00   3.68789906
116.10   3.68782460
116.20   3.68775020
116.30   3.68767585
116.40   3.68760155
116.50   3.68752731
116.60   3.68745312
116.70   3.68737898
116.80   3.68730490
116.90   3.68723087
117.00   3.68715689
117.10   3.68708296
117.20   3.68700909
117.30   3.68693527
117.40   3.68686150
117.50   3.68678779
117.60   3.68671412
117.70   3.68664051
117.80   3.68656695
117.90   3.68649345
118.00   3.68641999
118.10   3.68634659
118.20   3.68627324
118.30   3.68619994
118.40   3.68612670
118.50   3.68605350
118.60   3.68598036
118.70   3.68590727
118.80   3.68583423
118.90   3.68576124
119.00   3.68568831
119.10   3.68561542
119.20   3.68554259
119.30   3.68546981
119.40   3.68539708
119.50   3.68532440
119.60   3.68525177
119.70   3.68517919
119.80   3.68510667
119.90   3.68503419
120.00   3.68496177
120.10   3.68488940
120.20   3.68481707
120.30   3.68474480
120.40   3.68467258
120.50   3.68460041
120.60   3.68452829
120.70   3.68445622
120.80   3.68438420
120.90   3.68431224
121.00   3.68424032
121.10   3.68416845
121.20   3.68409663
121.30   3.68402487
121.40   3.68395315
121.50   3.68388148
121.60   3.68380987
121.70   3.68373830
121.80   3.68366678
121.90   3.68359531
122.00   3.68352390
122.10   3.68345253
122.20   3.68338121
122.30   3.68330994
122.40   3.68323872
122.50   3.68316756
122.60   3.68309644
122.70   3.68302536
122.80   3.68295434
122.90   3.68288337
123.00   3.68281245
123.10   3.68274158
123.20   3.68267075
123.30   3.68259998
123.40   3.68252925
123.50   3.68245858
123.60   3.68238795
123.70   3.68231737
123.80   3.68224684
123.90   3.68217636
124.00   3.68210592
124.10   3.68203554
124.20   3.68196520
124.30   3.68189492
124.40   3.68182468
124.50   3.68175449
124.60   3.68168435
124.70   3.68161425
124.80   3.68154421
124.90   3.68147421
125.00   3.68140427
125.10   3.68133437
125.20   3.68126451
125.30   3.68119471
125.40   3.68112495
125.50   3.68105525
125.60   3.68098559
125.70   3.68091597
125.80   3.68084641
125.90   3.68077689
126.00   3.68070742
126.10   3.68063800
126.20   3.68056863
126.30   3.68049930
126.40   3.68043002
126.50   3.68036079
126.60   3.68029161
126.70   3.68022247
126.80   3.68015339
126.90   3.68008434
127.00   3.68001535
127.10   3.67994640
127.20   3.67987750
127.30   3.67980865
127.40   3.67973984
127.50   3.67967109
127.60   3.67960237
127.70   3.67953371
127.80   3.67946509
127.90   3.67939652
128.00   3.67932800
128.10   3.67925952
128.20   3.67919109
128.30   3.67912270
128.40   3.67905436
128.50   3.67898607
128.60   3.67891783
128.70   3.67884963
128.80   3.67878148
128.90   3.67871337
129.00   3.67864531
129.10   3.67857730
129.20   3.67850933
129.30   3.67844141
129.40   3.67837354
129.50   3.67830571
129.60   3.67823793
129.70   3.67817019
129.80   3.67810250
129.90   3.67803486
130.00   3.67796726
130.10   3.67789971
130.20   3.67783220
130.30   3.67776474
130.40   3.67769732
130.50   3.67762995
130.60   3.67756263
130.70   3.67749535
130.80   3.67742812
130.90   3.67736093
131.00   3.67729379
131.10   3.67722669
131.20   3.67715964
131.30   3.67709264
131.40   3.67702567
131.50   3.67695876
131.60   3.67689189
131.70   3.67682506
131.80   3.67675828
131.90   3.67669155
132.00   3.67662486
132.10   3.67655821
132.20   3.67649161
132.30   3.67642506
132.40   3.67635855
132.50   3.67629208
132.60   3.67622566
132.70   3.67615929
132.80   3.67609295
132.90   3.67602667
133.00   3.67596043
133.10   3.67589423
133.20   3.67582807
133.30   3.67576197
133.40   3.67569590
133.50   3.67562988
133.60   3.67556391
133.70   3.67549798
133.80   3.67543209
133.90   3.67536625
134.00   3.67530045
134.10   3.67523470
134.20   3.67516899
134.30   3.67510332
134.40   3.67503770
134.50   3.67497212
134.60   3.67490659
134.70   3.67484110
134.80   3.67477565
134.90   3.67471025
135.00   3.67464489
135.10   3.67457958
135.20   3.67451430
135.30   3.67444908
135.40   3.67438389
135.50   3.67431875
135.60   3.67425366
135.70   3.67418861
135.80   3.67412360
135.90   3.67405863
136.00   3.67399371
136.10   3.67392883
136.20   3.67386399
136.30   3.67379920
136.40   3.67373445
136.50   3.67366975
136.60   3.67360509
136.70   3.67354047
136.80   3.67347589
136.90   3.67341136
137.00   3.67334687
137.10   3.67328242
137.20   3.67321802
137.30   3.67315365
137.40   3.67308934
137.50   3.67302506
137.60   3.67296083
137.70   3.67289664
137.80   3.67283249
137.90   3.67276839
138.00   3.67270433
138.10   3.67264031
138.20   3.67257633
138.30   3.67251240
138.40   3.67244851
138.50   3.67238466
138.60   3.67232085
138.70   3.67225709
138.80   3.67219337
138.90   3.67212969
139.00   3.67206605
139.10   3.67200246
139.20   3.67193891
139.30   3.67187540
139.40   3.67181193
139.50   3.67174850
139.60   3.67168512
139.70   3.67162178
139.80   3.67155848
139.90   3.67149522
140.00   3.67143201
140.10   3.67136883
140.20   3.67130570
140.30   3.67124261
140.40   3.67117957
140.50   3.67111656
140.60   3.67105360
140.70   3.67099067
140.80   3.67092779
140.90   3.67086495
141.00   3.67080216
141.10   3.67073940
141.20   3.67067669
141.30   3.67061402
141.40   3.67055138
141.50   3.67048879
141.60   3.67042625
141.70   3.67036374
141.80   3.67030127
141.90   3.67023885
142.00   3.67017647
142.10   3.67011413
142.20   3.67005183
142.30   3.66998957
142.40   3.66992735
142.50   3.66986517
142.60   3.66980304
142.70   3.66974094
142.80   3.66967889
142.90   3.66961687
143.00   3.66955490
143.10   3.66949297
143.20   3.66943108
143.30   3.66936923
143.40   3.66930743
143.50   3.66924566
143.60   3.66918393
143.70   3.66912225
143.80   3.66906060
143.90   3.66899900
144.00   3.66893743
144.10   3.66887591
144.20   3.66881443
144.30   3.66875298
144.40   3.66869158
144.50   3.66863022
144.60   3.66856890
144.70   3.66850762
144.80   3.66844638
144.90   3.66838518
145.00   3.66832402
145.10   3.66826290
145.20   3.66820182
145.30   3.66814078
145.40   3.66807979
145.50   3.66801883
145.60   3.66795791
145.70   3.66789703
145.80   3.66783619
145.90   3.66777540
146.00   3.66771464
146.10   3.66765392
146.20   3.66759324
146.30   3.66753261
146.40   3.66747201
146.50   3.66741145
146.60   3.66735093
146.70   3.66729045
146.80   3.66723001
146.90   3.66716961
147.00   3.66710925
147.10   3.66704893
147.20   3.66698865
147.30   3.66692841
147.40   3.66686821
147.50   3.66680805
147.60   3.66674793
147.70   3.66668785
147.80   3.66662780
147.90   3.66656780
148.00   3.66650784
148.10   3.66644791
148.20   3.66638802
148.30   3.66632818
148.40   3.66626837
148.50   3.66620860
148.60   3.66614887
148.70   3.66608919
148.80   3.66602954
148.90   3.66596992
149.00   3.66591035
149.10   3.66585082
149.20   3.66579133
149.30   3.66573187
149.40   3.66567245
149.50   3.66561308
149.60   3.66555374
149.70   3.66549444
149.80   3.66543518
149.90   3.66537596
150.00   3.66531677
150.10   3.66525763
150.20   3.66519853
150.30   3.66513946
150.40   3.66508043
150.50   3.66502144
150.60   3.66496249
150.70   3.66490358
150.80   3.66484471
150.90   3.66478587
151.00   3.66472707
151.10   3.66466832
151.20   3.66460960
151.30   3.66455092
151.40   3.66449227
151.50   3.66443367
151.60   3.66437510
151.70   3.66431657
151.80   3.66425808
151.90   3.66419963
152.00   3.66414122
152.10   3.66408285
152.20   3.66402451
152.30   3.66396621
152.40   3.66390795
152.50   3.66384973
152.60   3.66379154
152.70   3.66373340
152.80   3.66367529
152.90   3.66361722
153.00   3.66355919
153.10   3.66350119
153.20   3.66344324
153.30   3.66338532
153.40   3.66332744
153.50   3.66326959
153.60   3.66321179
153.70   3.66315402
153.80   3.66309629
153.90   3.66303860
154.00   3.66298094
154.10   3.66292333
154.20   3.66286575
154.30   3.66280820
154.40   3.66275070
154.50   3.66269323
154.60   3.66263580
154.70   3.66257841
154.80   3.66252106
154.90   3.66246374
155.00   3.66240646
155.10   3.66234922
155.20   3.66229201
155.30   3.66223485
155.40   3.66217772
155.50   3.66212062
155.60   3.66206357
155.70   3.66200655
155.80   3.66194957
155.90   3.66189262
156.00   3.66183572
156.10   3.66177885
156.20   3.66172201
156.30   3.66166522
156.40   3.66160846
156.50   3.66155174
156.60   3.66149505
156.70   3.66143840
156.80   3.66138179
156.90   3.66132522
157.00   3.66126868
157.10   3.66121218
157.20   3.66115571
157.30   3.66109929
157.40   3.66104290
157.50   3.66098654
157.60   3.66093023
157.70   3.66087395
157.80   3.66081770
157.90   3.66076149
158.00   3.66070532
158.10   3.66064919
158.20   3.66059309
158.30   3.66053703
158.40   3.66048101
158.50   3.66042502
158.60   3.66036907
158.70   3.66031315
158.80   3.66025727
158.90   3.66020143
159.00   3.66014562
159.10   3.66008985
159.20   3.66003412
159.30   3.65997842
159.40   3.65992276
159.50   3.65986714
159.60   3.65981155
159.70   3.65975599
159.80   3.65970048
159.90   3.65964500
160.00   3.65958955
160.10   3.65953415
160.20   3.65947877
160.30   3.65942344
160.40   3.65936814
160.50   3.65931287
160.60   3.65925764
160.70   3.65920245
160.80   3.65914729
160.90   3.65909217
161.00   3.65903709
161.10   3.65898204
161.20   3.65892702
161.30   3.65887205
161.40   3.65881710
161.50   3.65876220
161.60   3.65870733
161.70   3.65865249
161.80   3.65859769
161.90   3.65854293
162.00   3.65848820
162.10   3.65843351
162.20   3.65837885
162.30   3.65832423
162.40   3.65826964
162.50   3.65821509
162.60   3.65816057
162.70   3.65810609
162.80   3.65805165
162.90   3.65799724
163.00   3.65794286
163.10   3.65788852
163.20   3.65783422
163.30   3.65777995
163.40   3.65772572
163.50   3.65767152
163.60   3.65761736
163.70   3.65756323
163.80   3.65750914
163.90   3.65745508
164.00   3.65740106
164.10   3.65734707
164.20   3.65729312
164.30   3.65723920
164.40   3.65718532
164.50   3.65713147
164.60   3.65707766
164.70   3.65702388
164.80   3.65697014
164.90   3.65691643
165.00   3.65686275
165.10   3.65680912
165.20   3.65675551
165.30   3.65670194
165.40   3.65664841
165.50   3.65659491
165.60   3.65654145
165.70   3.65648802
165.80   3.65643462
165.90   3.65638126
166.00   3.65632793
166.10   3.65627464
166.20   3.65622138
166.30   3.65616816
166.40   3.65611497
166.50   3.65606182
166.60   3.65600870
166.70   3.65595561
166.80   3.65590256
166.90   3.65584955
167.00   3.65579657
167.10   3.65574362
167.20   3.65569070
167.30   3.65563783
167.40   3.65558498
167.50   3.65553217
167.60   3.65547939
167.70   3.65542665
167.80   3.65537394
167.90   3.65532127
168.00   3.65526863
168.10   3.65521602
168.20   3.65516345
168.30   3.65511092
168.40   3.65505841
168.50   3.65500594
168.60   3.65495351
168.70   3.65490110
168.80   3.65484874
168.90   3.65479640
169.00   3.65474410
169.10   3.65469184
169.20   3.65463960
169.30   3.65458741
169.40   3.65453524
169.50   3.65448311
169.60   3.65443101
169.70   3.65437895
169.80   3.65432692
169.90   3.65427492
170.00   3.65422296
170.10   3.65417103
170.20   3.65411914
170.30   3.65406728
170.40   3.65401545
170.50   3.65396365
170.60   3.65391189
170.70   3.65386016
170.80   3.65380847
170.90   3.65375681
171.00   3.65370518
171.10   3.65365359
171.20   3.65360203
171.30   3.65355050
171.40   3.65349901
171.50   3.65344755
171.60   3.65339612
171.70   3.65334472
171.80   3.65329336
171.90   3.65324204
172.00   3.65319074
172.10   3.65313948
172.20   3.65308825
172.30   3.65303706
172.40   3.65298590
172.50   3.65293477
172.60   3.65288367
172.70   3.65283261
172.80   3.65278158
172.90   3.65273058
173.00   3.65267962
173.10   3.65262869
173.20   3.65257779
173.30   3.65252693
173.40   3.65247609
173.50   3.65242529
173.60   3.65237453
173.70   3.65232379
173.80   3.65227309
173.90   3.65222243
174.00   3.65217179
174.10   3.65212119
174.20   3.65207062
174.30   3.65202008
174.40   3.65196958
174.50   3.65191910
174.60   3.65186866
174.70   3.65181826
174.80   3.65176788
174.90   3.65171754
175.00   3.65166723
175.10   3.65161696
175.20   3.65156671
175.30   3.65151650
175.40   3.65146632
175.50   3.65141617
175.60   3.65136606
175.70   3.65131598
175.80   3.65126593
175.90   3.65121591
176.00   3.65116593
176.10   3.65111597
176.20   3.65106605
176.30   3.65101617
176.40   3.65096631
176.50   3.65091649
176.60   3.65086669
176.70   3.65081693
176.80   3.65076721
176.90   3.65071751
177.00   3.65066785
177.10   3.65061822
177.20   3.65056862
177.30   3.65051905
177.40   3.65046952
177.50   3.65042001
177.60   3.65037054
177.70   3.65032110
177.80   3.65027170
177.90   3.65022232
178.00   3.65017298
178.10   3.65012367
178.20   3.65007439
178.30   3.65002514
178.40   3.64997592
178.50   3.64992674
178.60   3.64987759
178.70   3.64982846
178.80   3.64977938
178.90   3.64973032
179.00   3.64968129
179.10   3.64963230
179.20   3.64958333
179.30   3.64953440
179.40   3.64948550
179.50   3.64943664
179.60   3.64938780
179.70   3.64933900
179.80   3.64929022
179.90   3.64924148
180.00   3.64919277
180.10   3.64914409
180.20   3.64909544
180.30   3.64904683
180.40   3.64899824
180.50   3.64894969
180.60   3.64890117
180.70   3.64885268
180.80   3.64880422
180.90   3.64875579
181.00   3.64870739
181.10   3.64865903
181.20   3.64861069
181.30   3.64856239
181.40   3.64851412
181.50   3.64846588
181.60   3.64841767
181.70   3.64836949
181.80   3.64832134
181.90   3.64827322
182.00   3.64822514
182.10   3.64817708
182.20   3.64812906
182.30   3.64808107
182.40   3.64803310
182.50   3.64798517
182.60   3.64793727
182.70   3.64788940
182.80   3.64784157
182.90   3.64779376
183.00   3.64774598
183.10   3.64769824
183.20   3.64765052
183.30   3.64760284
183.40   3.64755519
183.50   3.64750756
183.60   3.64745997
183.70   3.64741241
183.80   3.64736488
183.90   3.64731738
184.00   3.64726991
184.10   3.64722247
184.20   3.64717506
184.30   3.64712769
184.40   3.64708034
184.50   3.64703302
184.60   3.64698574
184.70   3.64693848
184.80   3.64689126
184.90   3.64684406
185.00   3.64679690
185.10   3.64674977
185.20   3.64670266
185.30   3.64665559
185.40   3.64660855
185.50   3.64656153
185.60   3.64651455
185.70   3.64646760
185.80   3.64642068
185.90   3.64637379
186.00   3.64632693
186.10   3.64628010
186.20   3.64623330
186.30   3.64618653
186.40   3.64613979
186.50   3.64609308
186.60   3.64604640
186.70   3.64599975
186.80   3.64595313
186.90   3.64590654
187.00   3.64585998
187.10   3.64581345
187.20   3.64576695
187.30   3.64572048
187.40   3.64567404
187.50   3.64562763
187.60   3.64558125
187.70   3.64553490
187.80   3.64548858
187.90   3.64544229
188.00   3.64539603
188.10   3.64534980
188.20   3.64530360
188.30   3.64525743
188.40   3.64521129
188.50   3.64516517
188.60   3.64511909
188.70   3.64507304
188.80   3.64502702
188.90   3.64498102
189.00   3.64493506
189.10   3.64488913
189.20   3.64484322
189.30   3.64479735
189.40   3.64475150
189.50   3.64470569
189.60   3.64465990
189.70   3.64461415
189.80   3.64456842
189.90   3.64452272
190.00   3.64447706
190.10   3.64443142
190.20   3.64438581
190.30   3.64434023
190.40   3.64429468
190.50   3.64424916
190.60   3.64420367
190.70   3.64415820
190.80   3.64411277
190.90   3.64406737
191.00   3.64402199
191.10   3.64397665
191.20   3.64393133
191.30   3.64388604
191.40   3.64384079
191.50   3.64379556
191.60   3.64375036
191.70   3.64370519
191.80   3.64366005
191.90   3.64361493
192.00   3.64356985
192.10   3.64352480
192.20   3.64347977
192.30   3.64343478
192.40   3.64338981
192.50   3.64334487
192.60   3.64329996
192.70   3.64325508
192.80   3.64321023
192.90   3.64316541
193.00   3.64312061
193.10   3.64307585
193.20   3.64303111
193.30   3.64298641
193.40   3.64294173
193.50   3.64289708
193.60   3.64285246
193.70   3.64280787
193.80   3.64276330
193.90   3.64271877
194.00   3.64267426
194.10   3.64262979
194.20   3.64258534
194.30   3.64254092
194.40   3.64249653
194.50   3.64245216
194.60   3.64240783
194.70   3.64236352
194.80   3.64231925
194.90   3.64227500
195.00   3.64223078
195.10   3.64218659
195.20   3.64214242
195.30   3.64209829
195.40   3.64205418
195.50   3.64201010
195.60   3.64196605
195.70   3.64192203
195.80   3.64187804
195.90   3.64183408
196.00   3.64179014
196.10   3.64174623
196.20   3.64170235
196.30   3.64165850
196.40   3.64161468
196.50   3.64157088
196.60   3.64152712
196.70   3.64148338
196.80   3.64143967
196.90   3.64139599
197.00   3.64135233
197.10   3.64130871
197.20   3.64126511
197.30   3.64122154
197.40   3.64117800
197.50   3.64113448
197.60   3.64109100
197.70   3.64104754
197.80   3.64100411
197.90   3.64096071
198.00   3.64091733
198.10   3.64087399
198.20   3.64083067
198.30   3.64078738
198.40   3.64074412
198.50   3.64070088
198.60   3.64065768
198.70   3.64061450
198.80   3.64057135
198.90   3.64052822
199.00   3.64048513
199.10   3.64044206
199.20   3.64039902
199.30   3.64035601
199.40   3.64031302
199.50   3.64027007
199.60   3.64022714
199.70   3.64018424
199.80   3.64014136
199.90   3.64009851
200.00   3.64005570
200.10   3.64001290
200.20   3.63997014
200.30   3.63992740
200.40   3.63988470
200.50   3.63984201
200.60   3.63979936
200.70   3.63975673
200.80   3.63971414
200.90   3.63967156
201.00   3.63962902
201.10   3.63958650
201.20   3.63954401
201.30   3.63950155
201.40   3.63945912
201.50   3.63941671
201.60   3.63937433
201.70   3.63933198
201.80   3.63928965
201.90   3.63924735
202.00   3.63920508
202.10   3.63916284
202.20   3.63912062
202.30   3.63907843
202.40   3.63903627
202.50   3.63899414
202.60   3.63895203
202.70   3.63890995
202.80   3.63886789
202.90   3.63882587
203.00   3.63878387
203.10   3.63874189
203.20   3.63869995
203.30   3.63865803
203.40   3.63861614
203.50   3.63857427
203.60   3.63853244
203.70   3.63849063
203.80   3.63844884
203.90   3.63840708
204.00   3.63836535
204.10   3.63832365
204.20   3.63828197
204.30   3.63824032
204.40   3.63819870
204.50   3.63815711
204.60   3.63811554
204.70   3.63807399
204.80   3.63803248
204.90   3.63799099
205.00   3.63794953
205.10   3.63790809
205.20   3.63786668
205.30   3.63782530
205.40   3.63778394
205.50   3.63774261
205.60   3.63770131
205.70   3.63766004
205.80   3.63761879
205.90   3.63757756
206.00   3.63753637
206.10   3.63749520
206.20   3.63745405
206.30   3.63741294
206.40   3.63737185
206.50   3.63733078
206.60   3.63728974
206.70   3.63724873
206.80   3.63720775
206.90   3.63716679
207.00   3.63712586
207.10   3.63708495
207.20   3.63704407
207.30   3.63700322
207.40   3.63696239
207.50   3.63692159
207.60   3.63688082
207.70   3.63684007
207.80   3.63679935
207.90   3.63675865
208.00   3.63671798
208.10   3.63667734
208.20   3.63663672
208.30   3.63659613
208.40   3.63655557
208.50   3.63651503
208.60   3.63647451
208.70   3.63643403
208.80   3.63639357
208.90   3.63635313
209.00   3.63631272
209.10   3.63627234
209.20   3.63623198
209.30   3.63619165
209.40   3.63615135
209.50   3.63611107
209.60   3.63607082
209.70   3.63603059
209.80   3.63599039
209.90   3.63595021
210.00   3.63591007
210.10   3.63586994
210.20   3.63582984
210.30   3.63578977
210.40   3.63574973
210.50   3.63570971
210.60   3.63566971
210.70   3.63562974
210.80   3.63558980
210.90   3.63554988
211.00   3.63550999
211.10   3.63547012
211.20   3.63543028
211.30   3.63539047
211.40   3.63535068
211.50   3.63531091
211.60   3.63527118
211.70   3.63523146
211.80   3.63519178
211.90   3.63515212
212.00   3.63511248
212.10   3.63507287
212.20   3.63503328
212.30   3.63499372
212.40   3.63495419
212.50   3.63491468
212.60   3.63487520
212.70   3.63483574
212.80   3.63479631
212.90   3.63475690
213.00   3.63471752
213.10   3.63467816
213.20   3.63463883
213.30   3.63459953
213.40   3.63456025
213.50   3.63452099
213.60   3.63448176
213.70   3.63444256
213.80   3.63440338
213.90   3.63436422
214.00   3.63432509
214.10   3.63428599
214.20   3.63424691
214.30   3.63420786
214.40   3.63416883
214.50   3.63412983
214.60   3.63409085
214.70   3.63405189
214.80   3.63401297
214.90   3.63397406
215.00   3.63393518
215.10   3.63389633
215.20   3.63385750
215.30   3.63381870
215.40   3.63377992
215.50   3.63374117
215.60   3.63370244
215.70   3.63366374
215.80   3.63362506
215.90   3.63358640
216.00   3.63354778
216.10   3.63350917
216.20   3.63347059
216.30   3.63343204
216.40   3.63339351
216.50   3.63335500
216.60   3.63331652
216.70   3.63327807
216.80   3.63323964
216.90   3.63320123
217.00   3.63316285
217.10   3.63312450
217.20   3.63308616
217.30   3.63304786
217.40   3.63300957
217.50   3.63297132
217.60   3.63293308
217.70   3.63289487
217.80   3.63285669
217.90   3.63281853
218.00   3.63278040
218.10   3.63274229
218.20   3.63270420
218.30   3.63266614
218.40   3.63262810
218.50   3.63259009
218.60   3.63255210
218.70   3.63251414
218.80   3.63247620
218.90   3.63243828
219.00   3.63240039
219.10   3.63236253
219.20   3.63232469
219.30   3.63228687
219.40   3.63224908
219.50   3.63221131
219.60   3.63217356
219.70   3.63213584
219.80   3.63209815
219.90   3.63206048
220.00   3.63202283
220.10   3.63198520
220.20   3.63194761
220.30   3.63191003
220.40   3.63187248
220.50   3.63183495
220.60   3.63179745
220.70   3.63175997
220.80   3.63172252
220.90   3.63168509
221.00   3.63164768
221.10   3.63161030
221.20   3.63157294
221.30   3.63153561
221.40   3.63149830
221.50   3.63146101
221.60   3.63142375
221.70   3.63138651
221.80   3.63134930
221.90   3.63131211
222.00   3.63127494
222.10   3.63123780
222.20   3.63120068
222.30   3.63116359
222.40   3.63112652
222.50   3.63108947
222.60   3.63105245
222.70   3.63101545
222.80   3.63097848
222.90   3.63094152
223.00   3.63090460
223.10   3.63086769
223.20   3.63083081
223.30   3.63079396
223.40   3.63075712
223.50   3.63072031
223.60   3.63068353
223.70   3.63064677
223.80   3.63061003
223.90   3.63057331
224.00   3.63053662
224.10   3.63049996
224.20   3.63046331
224.30   3.63042669
224.40   3.63039009
224.50   3.63035352
224.60   3.63031697
224.70   3.63028045
224.80   3.63024394
224.90   3.63020746
225.00   3.63017101
225.10   3.63013458
225.20   3.63009817
225.30   3.63006178
225.40   3.63002542
225.50   3.62998908
225.60   3.62995277
225.70   3.62991647
225.80   3.62988021
225.90   3.62984396
226.00   3.62980774
226.10   3.62977154
226.20   3.62973536
226.30   3.62969921
226.40   3.62966308
226.50   3.62962698
226.60   3.62959090
226.70   3.62955484
226.80   3.62951880
226.90   3.62948279
227.00   3.62944680
227.10   3.62941083
227.20   3.62937489
227.30   3.62933897
227.40   3.62930307
227.50   3.62926720
227.60   3.62923135
227.70   3.62919552
227.80   3.62915971
227.90   3.62912393
228.00   3.62908817
228.10   3.62905244
228.20   3.62901672
228.30   3.62898103
228.40   3.62894537
228.50   3.62890972
228.60   3.62887410
228.70   3.62883850
228.80   3.62880293
228.90   3.62876737
229.00   3.62873184
229.10   3.62869634
229.20   3.62866085
229.30   3.62862539
229.40   3.62858995
229.50   3.62855454
229.60   3.62851915
229.70   3.62848378
229.80   3.62844843
229.90   3.62841310
230.00   3.62837780
230.10   3.62834252
230.20   3.62830727
230.30   3.62827203
230.40   3.62823682
230.50   3.62820163
230.60   3.62816647
230.70   3.62813132
230.80   3.62809620
230.90   3.62806111
231.00   3.62802603
231.10   3.62799098
231.20   3.62795595
231.30   3.62792094
231.40   3.62788595
231.50   3.62785099
231.60   3.62781605
231.70   3.62778113
231.80   3.62774624
231.90   3.62771136
232.00   3.62767651
232.10   3.62764169
232.20   3.62760688
232.30   3.62757210
232.40   3.62753734
232.50   3.62750260
232.60   3.62746788
232.70   3.62743319
232.80   3.62739851
232.90   3.62736387
233.00   3.62732924
233.10   3.62729463
233.20   3.62726005
233.30   3.62722549
233.40   3.62719095
233.50   3.62715644
233.60   3.62712194
233.70   3.62708747
233.80   3.62705302
233.90   3.62701859
234.00   3.62698419
234.10   3.62694981
234.20   3.62691544
234.30   3.62688111
234.40   3.62684679
234.50   3.62681249
234.60   3.62677822
234.70   3.62674397
234.80   3.62670974
234.90   3.62667554
235.00   3.62664135
235.10   3.62660719
235.20   3.62657305
235.30   3.62653893
235.40   3.62650483
235.50   3.62647076
235.60   3.62643671
235.70   3.62640267
235.80   3.62636867
235.90   3.62633468
236.00   3.62630071
236.10   3.62626677
236.20   3.62623285
236.30   3.62619895
236.40   3.62616507
236.50   3.62613121
236.60   3.62609738
236.70   3.62606357
236.80   3.62602977
236.90   3.62599600
237.00   3.62596226
237.10   3.62592853
237.20   3.62589483
237.30   3.62586114
237.40   3.62582748
237.50   3.62579384
237.60   3.62576023
237.70   3.62572663
237.80   3.62569306
237.90   3.62565950
238.00   3.62562597
238.10   3.62559246
238.20   3.62555897
238.30   3.62552551
238.40   3.62549206
238.50   3.62545864
238.60   3.62542524
238.70   3.62539186
238.80   3.62535850
238.90   3.62532516
239.00   3.62529184
239.10   3.62525855
239.20   3.62522527
239.30   3.62519202
239.40   3.62515879
239.50   3.62512558
239.60   3.62509239
239.70   3.62505923
239.80   3.62502608
239.90   3.62499296
240.00   3.62495986
240.10   3.62492677
240.20   3.62489371
240.30   3.62486067
240.40   3.62482766
240.50   3.62479466
240.60   3.62476169
240.70   3.62472873
240.80   3.62469580
240.90   3.62466289
241.00   3.62463000
241.10   3.62459713
241.20   3.62456428
241.30   3.62453145
241.40   3.62449865
241.50   3.62446586
241.60   3.62443310
241.70   3.62440035
241.80   3.62436763
241.90   3.62433493
242.00   3.62430225
242.10   3.62426959
242.20   3.62423696
242.30   3.62420434
242.40   3.62417174
242.50   3.62413917
242.60   3.62410661
242.70   3.62407408
242.80   3.62404157
242.90   3.62400908
243.00   3.62397661
243.10   3.62394416
243.20   3.62391173
243.30   3.62387932
243.40   3.62384694
243.50   3.62381457
243.60   3.62378223
243.70   3.62374990
243.80   3.62371760
243.90   3.62368532
244.00   3.62365305
244.10   3.62362081
244.20   3.62358859
244.30   3.62355639
244.40   3.62352421
244.50   3.62349205
244.60   3.62345992
244.70   3.62342780
244.80   3.62339570
244.90   3.62336363
245.00   3.62333157
245.10   3.62329954
245.20   3.62326752
245.30   3.62323553
245.40   3.62320356
245.50   3.62317160
245.60   3.62313967
245.70   3.62310776
245.80   3.62307587
245.90   3.62304400
246.00   3.62301215
246.10   3.62298032
246.20   3.62294851
246.30   3.62291673
246.40   3.62288496
246.50   3.62285321
246.60   3.62282148
246.70   3.62278978
246.80   3.62275809
246.90   3.62272642
247.00   3.62269478
247.10   3.62266315
247.20   3.62263155
247.30   3.62259996
247.40   3.62256840
247.50   3.62253686
247.60   3.62250533
247.70   3.62247383
247.80   3.62244235
247.90   3.62241088
248.00   3.62237944
248.10   3.62234802
248.20   3.62231662
248.30   3.62228523
248.40   3.62225387
248.50   3.62222253
248.60   3.62219121
248.70   3.62215991
248.80   3.62212863
248.90   3.62209736
249.00   3.62206612
249.10   3.62203490
249.20   3.62200370
249.30   3.62197252
249.40   3.62194136
249.50   3.62191022
249.60   3.62187910
249.70   3.62184800
249.80   3.62181692
249.90   3.62178586
250.00   3.62175482
250.10   3.62172379
250.20   3.62169279
250.30   3.62166181
250.40   3.62163085
250.50   3.62159991
250.60   3.62156899
250.70   3.62153809
250.80   3.62150721
250.90   3.62147634
251.00   3.62144550
251.10   3.62141468
251.20   3.62138388
251.30   3.62135310
251.40   3.62132233
251.50   3.62129159
251.60   3.62126087
251.70   3.62123016
251.80   3.62119948
251.90   3.62116882
252.00   3.62113817
252.10   3.62110755
252.20   3.62107694
252.30   3.62104636
252.40   3.62101579
252.50   3.62098525
252.60   3.62095472
252.70   3.62092422
252.80   3.62089373
252.90   3.62086326
253.00   3.62083281
253.10   3.62080239
253.20   3.62077198
253.30   3.62074159
253.40   3.62071122
253.50   3.62068087
253.60   3.62065054
253.70   3.62062023
253.80   3.62058994
253.90   3.62055966
254.00   3.62052941
254.10   3.62049918
254.20   3.62046897
254.30   3.62043877
254.40   3.62040860
254.50   3.62037844
254.60   3.62034830
254.70   3.62031819
254.80   3.62028809
254.90   3.62025801
255.00   3.62022795
255.10   3.62019792
255.20   3.62016790
255.30   3.62013789
255.40   3.62010791
255.50   3.62007795
255.60   3.62004801
255.70   3.62001809
255.80   3.61998818
255.90   3.61995830
256.00   3.61992843
256.10   3.61989858
256.20   3.61986876
256.30   3.61983895
256.40   3.61980916
256.50   3.61977939
256.60   3.61974964
256.70   3.61971991
256.80   3.61969019
256.90   3.61966050
257.00   3.61963083
257.10   3.61960117
257.20   3.61957153
257.30   3.61954192
257.40   3.61951232
257.50   3.61948274
257.60   3.61945318
257.70   3.61942364
257.80   3.61939412
257.90   3.61936461
258.00   3.61933513
258.10   3.61930566
258.20   3.61927622
258.30   3.61924679
258.40   3.61921738
258.50   3.61918799
258.60   3.61915862
258.70   3.61912927
258.80   3.61909994
258.90   3.61907062
259.00   3.61904133
259.10   3.61901205
259.20   3.61898279
259.30   3.61895355
259.40   3.61892433
259.50   3.61889513
259.60   3.61886595
259.70   3.61883679
259.80   3.61880764
259.90   3.61877852
260.00   3.61874941
260.10   3.61872032
260.20   3.61869125
260.30   3.61866220
260.40   3.61863317
260.50   3.61860415
260.60   3.61857516
260.70   3.61854618
260.80   3.61851722
260.90   3.61848828
261.00   3.61845936
261.10   3.61843046
261.20   3.61840158
261.30   3.61837271
261.40   3.61834386
261.50   3.61831504
261.60   3.61828623
261.70   3.61825744
261.80   3.61822866
261.90   3.61819991
262.00   3.61817117
262.10   3.61814246
262.20   3.61811376
262.30   3.61808508
262.40   3.61805642
262.50   3.61802777
262.60   3.61799915
262.70   3.61797054
262.80   3.61794196
262.90   3.61791339
263.00   3.61788483
263.10   3.61785630
263.20   3.61782779
263.30   3.61779929
263.40   3.61777081
263.50   3.61774235
263.60   3.61771391
263.70   3.61768549
263.80   3.61765708
263.90   3.61762870
264.00   3.61760033
264.10   3.61757198
264.20   3.61754365
264.30   3.61751533
264.40   3.61748704
264.50   3.61745876
264.60   3.61743050
264.70   3.61740226
264.80   3.61737404
264.90   3.61734584
265.00   3.61731765
265.10   3.61728948
265.20   3.61726133
265.30   3.61723320
265.40   3.61720508
265.50   3.61717699
265.60   3.61714891
265.70   3.61712085
265.80   3.61709281
265.90   3.61706479
266.00   3.61703678
266.10   3.61700879
266.20   3.61698082
266.30   3.61695287
266.40   3.61692494
266.50   3.61689702
266.60   3.61686912
266.70   3.61684124
266.80   3.61681338
266.90   3.61678554
267.00   3.61675771
267.10   3.61672990
267.20   3.61670211
267.30   3.61667434
267.40   3.61664659
267.50   3.61661885
267.60   3.61659113
267.70   3.61656343
267.80   3.61653575
267.90   3.61650808
268.00   3.61648043
268.10   3.61645280
268.20   3.61642519
268.30   3.61639759
268.40   3.61637002
268.50   3.61634246
268.60   3.61631492
268.70   3.61628739
268.80   3.61625989
268.90   3.61623240
269.00   3.61620493
269.10   3.61617748
269.20   3.61615004
269.30   3.61612262
269.40   3.61609522
269.50   3.61606784
269.60   3.61604048
269.70   3.61601313
269.80   3.61598580
269.90   3.61595849
270.00   3.61593119
270.10   3.61590392
270.20   3.61587666
270.30   3.61584942
270.40   3.61582219
270.50   3.61579498
270.60   3.61576779
270.70   3.61574062
270.80   3.61571347
270.90   3.61568633
271.00   3.61565921
271.10   3.61563211
271.20   3.61560503
271.30   3.61557796
271.40   3.61555091
271.50   3.61552388
271.60   3.61549686
271.70   3.61546986
271.80   3.61544288
271.90   3.61541592
272.00   3.61538897
272.10   3.61536205
272.20   3.61533513
272.30   3.61530824
272.40   3.61528136
272.50   3.61525450
272.60   3.61522766
272.70   3.61520084
272.80   3.61517403
272.90   3.61514724
273.00   3.61512047
273.10   3.61509371
273.20   3.61506697
273.30   3.61504025
273.40   3.61501355
273.50   3.61498686
273.60   3.61496019
273.70   3.61493354
273.80   3.61490690
273.90   3.61488028
274.00   3.61485368
274.10   3.61482710
274.20   3.61480053
274.30   3.61477398
274.40   3.61474745
274.50   3.61472093
274.60   3.61469443
274.70   3.61466795
274.80   3.61464149
274.90   3.61461504
275.00   3.61458861
275.10   3.61456219
275.20   3.61453580
275.30   3.61450942
275.40   3.61448306
275.50   3.61445671
275.60   3.61443038
275.70   3.61440407
275.80   3.61437777
275.90   3.61435149
276.00   3.61432523
276.10   3.61429899
276.20   3.61427276
276.30   3.61424655
276.40   3.61422036
276.50   3.61419418
276.60   3.61416802
276.70   3.61414188
276.80   3.61411575
276.90   3.61408964
277.00   3.61406355
277.10   3.61403747
277.20   3.61401141
277.30   3.61398537
277.40   3.61395934
277.50   3.61393333
277.60   3.61390734
277.70   3.61388136
277.80   3.61385540
277.90   3.61382946
278.00   3.61380354
278.10   3.61377763
278.20   3.61375173
278.30   3.61372586
278.40   3.61370000
278.50   3.61367416
278.60   3.61364833
278.70   3.61362252
278.80   3.61359673
278.90   3.61357095
279.00   3.61354519
279.10   3.61351945
279.20   3.61349372
279.30   3.61346801
279.40   3.61344232
279.50   3.61341664
279.60   3.61339098
279.70   3.61336534
279.80   3.61333971
279.90   3.61331410
280.00   3.61328851
280.10   3.61326293
280.20   3.61323737
280.30   3.61321182
280.40   3.61318629
280.50   3.61316078
280.60   3.61313528
280.70   3.61310980
280.80   3.61308434
280.90   3.61305889
281.00   3.61303346
281.10   3.61300805
281.20   3.61298265
281.30   3.61295727
281.40   3.61293191
281.50   3.61290656
281.60   3.61288122
281.70   3.61285591
281.80   3.61283061
281.90   3.61280533
282.00   3.61278006
282.10   3.61275481
282.20   3.61272957
282.30   3.61270435
282.40   3.61267915
282.50   3.61265396
282.60   3.61262879
282.70   3.61260364
282.80   3.61257850
282.90   3.61255338
283.00   3.61252828
283.10   3.61250319
283.20   3.61247811
283.30   3.61245306
283.40   3.61242801
283.50   3.61240299
283.60   3.61237798
283.70   3.61235299
283.80   3.61232801
283.90   3.61230305
284.00   3.61227811
284.10   3.61225318
284.20   3.61222827
284.30   3.61220337
284.40   3.61217849
284.50   3.61215362
284.60   3.61212878
284.70   3.61210394
284.80   3.61207913
284.90   3.61205433
285.00   3.61202954
285.10   3.61200477
285.20   3.61198002
285.30   3.61195528
285.40   3.61193056
285.50   3.61190586
285.60   3.61188117
285.70   3.61185649
285.80   3.61183184
285.90   3.61180720
286.00   3.61178257
286.10   3.61175796
286.20   3.61173337
286.30   3.61170879
286.40   3.61168422
286.50   3.61165968
286.60   3.61163515
286.70   3.61161063
286.80   3.61158613
286.90   3.61156165
287.00   3.61153718
287.10   3.61151273
287.20   3.61148829
287.30   3.61146387
287.40   3.61143947
287.50   3.61141508
287.60   3.61139070
287.70   3.61136635
287.80   3.61134200
287.90   3.61131768
288.00   3.61129337
288.10   3.61126907
288.20   3.61124479
288.30   3.61122053
288.40   3.61119628
288.50   3.61117204
288.60   3.61114783
288.70   3.61112362
288.80   3.61109944
288.90   3.61107527
289.00   3.61105111
289.10   3.61102697
289.20   3.61100285
289.30   3.61097874
289.40   3.61095465
289.50   3.61093057
289.60   3.61090651
289.70   3.61088246
289.80   3.61085843
289.90   3.61083441
290.00   3.61081041
290.10   3.61078643
290.20   3.61076246
290.30   3.61073850
290.40   3.61071457
290.50   3.61069064
290.60   3.61066673
290.70   3.61064284
290.80   3.61061896
290.90   3.61059510
291.00   3.61057126
291.10   3.61054742
291.20   3.61052361
291.30   3.61049981
291.40   3.61047602
291.50   3.61045225
291.60   3.61042850
291.70   3.61040476
291.80   3.61038103
291.90   3.61035733
292.00   3.61033363
292.10   3.61030995
292.20   3.61028629
292.30   3.61026264
292.40   3.61023901
292.50   3.61021539
292.60   3.61019179
292.70   3.61016820
292.80   3.61014463
292.90   3.61012107
293.00   3.61009753
293.10   3.61007400
293.20   3.61005049
293.30   3.61002700
293.40   3.61000351
293.50   3.60998005
293.60   3.60995660
293.70   3.60993316
293.80   3.60990974
293.90   3.60988633
294.00   3.60986294
294.10   3.60983957
294.20   3.60981621
294.30   3.60979286
294.40   3.60976953
294.50   3.60974621
294.60   3.60972291
294.70   3.60969963
294.80   3.60967636
294.90   3.60965310
295.00   3.60962986
295.10   3.60960663
295.20   3.60958342
295.30   3.60956023
295.40   3.60953704
295.50   3.60951388
295.60   3.60949073
295.70   3.60946759
295.80   3.60944447
295.90   3.60942136
296.00   3.60939827
296.10   3.60937519
296.20   3.60935213
296.30   3.60932908
296.40   3.60930605
296.50   3.60928303
296.60   3.60926003
296.70   3.60923704
296.80   3.60921407
296.90   3.60919111
297.00   3.60916816
297.10   3.60914523
297.20   3.60912232
297.30   3.60909942
297.40   3.60907654
297.50   3.60905367
297.60   3.60903081
297.70   3.60900797
297.80   3.60898514
297.90   3.60896233
298.00   3.60893953
298.10   3.60891675
298.20   3.60889398
298.30   3.60887123
298.40   3.60884849
298.50   3.60882577
298.60   3.60880306
298.70   3.60878037
298.80   3.60875769
298.90   3.60873502
299.00   3.60871237
299.10   3.60868973
299.20   3.60866711
299.30   3.60864450
299.40   3.60862191
299.50   3.60859933
299.60   3.60857677
299.70   3.60855422
299.80   3.60853169
299.90   3.60850917
300.00   3.60848666
