  Time Stress
  0.00   1.65034000
  0.10   1.64653948
  0.20   1.64300266
  0.30   1.63970686
  0.40   1.63663140
  0.50   1.63375744
  0.60   1.63106780
  0.70   1.62854683
  0.80   1.62618026
  0.90   1.62395508
  1.00   1.62185942
  1.10   1.61988247
  1.20   1.61801438
  1.30   1.61624615
  1.40   1.61456958
  1.50   1.61297719
  1.60   1.61146217
  1.70   1.61001828
  1.80   1.60863986
  1.90   1.60732172
  2.00   1.60605913
  2.10   1.60484779
  2.20   1.60368375
  2.30   1.60256341
  2.40   1.60148351
  2.50   1.60044102
  2.60   1.59943323
  2.70   1.59845761
  2.80   1.59751189
  2.90   1.59659398
  3.00   1.59570196
  3.10   1.59483407
  3.20   1.59398873
  3.30   1.59316446
  3.40   1.59235993
  3.50   1.59157390
  3.60   1.59080525
  3.70   1.59005294
  3.80   1.58931603
  3.90   1.58859365
  4.00   1.58788500
  4.10   1.58718934
  4.20   1.58650600
  4.30   1.58583436
  4.40   1.58517385
  4.50   1.58452394
  4.60   1.58388415
  4.70   1.58325402
  4.80   1.58263315
  4.90   1.58202114
  5.00   1.58141765
  5.10   1.58082235
  5.20   1.58023493
  5.30   1.57965511
  5.40   1.57908262
  5.50   1.57851723
  5.60   1.57795869
  5.70   1.57740681
  5.80   1.57686138
  5.90   1.57632221
  6.00   1.57578913
  6.10   1.57526198
  6.20   1.57474060
  6.30   1.57422484
  6.40   1.57371458
  6.50   1.57320967
  6.60   1.57271000
  6.70   1.57221546
  6.80   1.57172592
  6.90   1.57124130
  7.00   1.57076148
  7.10   1.57028637
  7.20   1.56981589
  7.30   1.56934994
  7.40   1.56888845
  7.50   1.56843133
  7.60   1.56797850
  7.70   1.56752990
  7.80   1.56708545
  7.90   1.56664509
  8.00   1.56620874
  8.10   1.56577634
  8.20   1.56534784
  8.30   1.56492318
  8.40   1.56450228
  8.50   1.56408511
  8.60   1.56367159
  8.70   1.56326169
  8.80   1.56285534
  8.90   1.56245250
  9.00   1.56205312
  9.10   1.56165715
  9.20   1.56126454
  9.30   1.56087524
  9.40   1.56048922
  9.50   1.56010642
  9.60   1.55972680
  9.70   1.55935033
  9.80   1.55897696
  9.90   1.55860664
 10.00   1.55823934
 10.10   1.55787502
 10.20   1.55751365
 10.30   1.55715517
 10.40   1.55679956
 10.50   1.55644678
 10.60   1.55609680
 10.70   1.55574957
 10.80   1.55540506
 10.90   1.55506324
 11.00   1.55472408
 11.10   1.55438754
 11.20   1.55405359
 11.30   1.55372219
 11.40   1.55339333
 11.50   1.55306695
 11.60   1.55274304
 11.70   1.55242156
 11.80   1.55210249
 11.90   1.55178579
 12.00   1.55147144
 12.10   1.55115940
 12.20   1.55084965
 12.30   1.55054216
 12.40   1.55023690
 12.50   1.54993386
 12.60   1.54963299
 12.70   1.54933427
 12.80   1.54903768
 12.90   1.54874320
 13.00   1.54845079
 13.10   1.54816044
 13.20   1.54787211
 13.30   1.54758579
 13.40   1.54730145
 13.50   1.54701906
 13.60   1.54673861
 13.70   1.54646007
 13.80   1.54618341
 13.90   1.54590863
 14.00   1.54563568
 14.10   1.54536456
 14.20   1.54509525
 14.30   1.54482771
 14.40   1.54456193
 14.50   1.54429789
 14.60   1.54403557
 14.70   1.54377495
 14.80   1.54351600
 14.90   1.54325872
 15.00   1.54300308
 15.10   1.54274906
 15.20   1.54249664
 15.30   1.54224581
 15.40   1.54199655
 15.50   1.54174883
 15.60   1.54150265
 15.70   1.54125797
 15.80   1.54101480
 15.90   1.54077310
 16.00   1.54053287
 16.10   1.54029409
 16.20   1.54005673
 16.30   1.53982079
 16.40   1.53958625
 16.50   1.53935308
 16.60   1.53912129
 16.70   1.53889085
 16.80   1.53866174
 16.90   1.53843396
 17.00   1.53820748
 17.10   1.53798229
 17.20   1.53775839
 17.30   1.53753575
 17.40   1.53731436
 17.50   1.53709420
 17.60   1.53687527
 17.70   1.53665755
 17.80   1.53644102
 17.90   1.53622568
 18.00   1.53601151
 18.10   1.53579850
 18.20   1.53558663
 18.30   1.53537590
 18.40   1.53516629
 18.50   1.53495778
 18.60   1.53475038
 18.70   1.53454406
 18.80   1.53433881
 18.90   1.53413462
 19.00   1.53393149
 19.10   1.53372940
 19.20   1.53352833
 19.30   1.53332829
 19.40   1.53312925
 19.50   1.53293121
 19.60   1.53273416
 19.70   1.53253808
 19.80   1.53234297
 19.90   1.53214881
 20.00   1.53195560
 20.10   1.53176333
 20.20   1.53157199
 20.30   1.53138156
 20.40   1.53119204
 20.50   1.53100342
 20.60   1.53081569
 20.70   1.53062884
 20.80   1.53044286
 20.90   1.53025775
 21.00   1.53007349
 21.10   1.52989007
 21.20   1.52970750
 21.30   1.52952575
 21.40   1.52934482
 21.50   1.52916471
 21.60   1.52898540
 21.70   1.52880689
 21.80   1.52862916
 21.90   1.52845222
 22.00   1.52827605
 22.10   1.52810065
 22.20   1.52792601
 22.30   1.52775211
 22.40   1.52757897
 22.50   1.52740655
 22.60   1.52723487
 22.70   1.52706392
 22.80   1.52689367
 22.90   1.52672414
 23.00   1.52655531
 23.10   1.52638718
 23.20   1.52621974
 23.30   1.52605297
 23.40   1.52588689
 23.50   1.52572148
 23.60   1.52555673
 23.70   1.52539264
 23.80   1.52522920
 23.90   1.52506641
 24.00   1.52490425
 24.10   1.52474273
 24.20   1.52458185
 24.30   1.52442158
 24.40   1.52426193
 24.50   1.52410289
 24.60   1.52394446
 24.70   1.52378663
 24.80   1.52362940
 24.90   1.52347276
 25.00   1.52331670
 25.10   1.52316122
 25.20   1.52300632
 25.30   1.52285199
 25.40   1.52269822
 25.50   1.52254502
 25.60   1.52239237
 25.70   1.52224027
 25.80   1.52208871
 25.90   1.52193770
 26.00   1.52178722
 26.10   1.52163728
 26.20   1.52148786
 26.30   1.52133897
 26.40   1.52119060
 26.50   1.52104274
 26.60   1.52089539
 26.70   1.52074855
 26.80   1.52060222
 26.90   1.52045638
 27.00   1.52031103
 27.10   1.52016617
 27.20   1.52002180
 27.30   1.51987792
 27.40   1.51973451
 27.50   1.51959157
 27.60   1.51944911
 27.70   1.51930711
 27.80   1.51916558
 27.90   1.51902451
 28.00   1.51888389
 28.10   1.51874373
 28.20   1.51860402
 28.30   1.51846475
 28.40   1.51832593
 28.50   1.51818754
 28.60   1.51804959
 28.70   1.51791207
 28.80   1.51777498
 28.90   1.51763832
 29.00   1.51750208
 29.10   1.51736627
 29.20   1.51723086
 29.30   1.51709588
 29.40   1.51696130
 29.50   1.51682713
 29.60   1.51669336
 29.70   1.51656000
 29.80   1.51642704
 29.90   1.51629447
 30.00   1.51616230
 30.10   1.51603051
 30.20   1.51589912
 30.30   1.51576811
 30.40   1.51563748
 30.50   1.51550723
 30.60   1.51537736
 30.70   1.51524787
 30.80   1.51511875
 30.90   1.51498999
 31.00   1.51486161
 31.10   1.51473358
 31.20   1.51460592
 31.30   1.51447863
 31.40   1.51435168
 31.50   1.51422510
 31.60   1.51409886
 31.70   1.51397298
 31.80   1.51384745
 31.90   1.51372226
 32.00   1.51359741
 32.10   1.51347291
 32.20   1.51334875
 32.30   1.51322492
 32.40   1.51310143
 32.50   1.51297827
 32.60   1.51285544
 32.70   1.51273295
 32.80   1.51261078
 32.90   1.51248893
 33.00   1.51236741
 33.10   1.51224621
 33.20   1.51212532
 33.30   1.51200476
 33.40   1.51188451
 33.50   1.51176457
 33.60   1.51164495
 33.70   1.51152564
 33.80   1.51140663
 33.90   1.51128793
 34.00   1.51116953
 34.10   1.51105144
 34.20   1.51093365
 34.30   1.51081616
 34.40   1.51069896
 34.50   1.51058207
 34.60   1.51046546
 34.70   1.51034915
 34.80   1.51023313
 34.90   1.51011740
 35.00   1.51000196
 35.10   1.50988680
 35.20   1.50977193
 35.30   1.50965734
 35.40   1.50954303
 35.50   1.50942901
 35.60   1.50931526
 35.70   1.50920179
 35.80   1.50908860
 35.90   1.50897568
 36.00   1.50886303
 36.10   1.50875065
 36.20   1.50863855
 36.30   1.50852671
 36.40   1.50841515
 36.50   1.50830384
 36.60   1.50819281
 36.70   1.50808203
 36.80   1.50797152
 36.90   1.50786127
 37.00   1.50775128
 37.10   1.50764155
 37.20   1.50753207
 37.30   1.50742285
 37.40   1.50731389
 37.50   1.50720518
 37.60   1.50709672
 37.70   1.50698851
 37.80   1.50688055
 37.90   1.50677284
 38.00   1.50666538
 38.10   1.50655817
 38.20   1.50645120
 38.30   1.50634447
 38.40   1.50623799
 38.50   1.50613175
 38.60   1.50602575
 38.70   1.50591999
 38.80   1.50581447
 38.90   1.50570918
 39.00   1.50560414
 39.10   1.50549933
 39.20   1.50539475
 39.30   1.50529041
 39.40   1.50518630
 39.50   1.50508242
 39.60   1.50497877
 39.70   1.50487536
 39.80   1.50477217
 39.90   1.50466921
 40.00   1.50456647
 40.10   1.50446396
 40.20   1.50436168
 40.30   1.50425962
 40.40   1.50415778
 40.50   1.50405617
 40.60   1.50395478
 40.70   1.50385360
 40.80   1.50375265
 40.90   1.50365192
 41.00   1.50355140
 41.10   1.50345110
 41.20   1.50335102
 41.30   1.50325115
 41.40   1.50315149
 41.50   1.50305205
 41.60   1.50295283
 41.70   1.50285381
 41.80   1.50275501
 41.90   1.50265641
 42.00   1.50255803
 42.10   1.50245985
 42.20   1.50236189
 42.30   1.50226413
 42.40   1.50216657
 42.50   1.50206922
 42.60   1.50197208
 42.70   1.50187514
 42.80   1.50177841
 42.90   1.50168188
 43.00   1.50158555
 43.10   1.50148942
 43.20   1.50139349
 43.30   1.50129776
 43.40   1.50120223
 43.50   1.50110690
 43.60   1.50101177
 43.70   1.50091684
 43.80   1.50082210
 43.90   1.50072755
 44.00   1.50063321
 44.10   1.50053905
 44.20   1.50044509
 44.30   1.50035133
 44.40   1.50025775
 44.50   1.50016437
 44.60   1.50007118
 44.70   1.49997818
 44.80   1.49988537
 44.90   1.49979275
 45.00   1.49970032
 45.10   1.49960808
 45.20   1.49951602
 45.30   1.49942416
 45.40   1.49933247
 45.50   1.49924098
 45.60   1.49914967
 45.70   1.49905854
 45.80   1.49896760
 45.90   1.49887684
 46.00   1.49878626
 46.10   1.49869587
 46.20   1.49860566
 46.30   1.49851563
 46.40   1.49842578
 46.50   1.49833611
 46.60   1.49824662
 46.70   1.49815731
 46.80   1.49806817
 46.90   1.49797922
 47.00   1.49789044
 47.10   1.49780184
 47.20   1.49771342
 47.30   1.49762517
 47.40   1.49753710
 47.50   1.49744920
 47.60   1.49736148
 47.70   1.49727393
 47.80   1.49718655
 47.90   1.49709935
 48.00   1.49701232
 48.10   1.49692546
 48.20   1.49683877
 48.30   1.49675225
 48.40   1.49666591
 48.50   1.49657973
 48.60   1.49649372
 48.70   1.49640789
 48.80   1.49632222
 48.90   1.49623671
 49.00   1.49615138
 49.10   1.49606621
 49.20   1.49598121
 49.30   1.49589638
 49.40   1.49581171
 49.50   1.49572721
 49.60   1.49564287
 49.70   1.49555870
 49.80   1.49547469
 49.90   1.49539084
 50.00   1.49530716
 50.10   1.49522364
 50.20   1.49514028
 50.30   1.49505709
 50.40   1.49497405
 50.50   1.49489118
 50.60   1.49480846
 50.70   1.49472591
 50.80   1.49464352
 50.90   1.49456128
 51.00   1.49447921
 51.10   1.49439729
 51.20   1.49431553
 51.30   1.49423393
 51.40   1.49415249
 51.50   1.49407120
 51.60   1.49399007
 51.70   1.49390910
 51.80   1.49382828
 51.90   1.49374762
 52.00   1.49366711
 52.10   1.49358676
 52.20   1.49350656
 52.30   1.49342651
 52.40   1.49334662
 52.50   1.49326688
 52.60   1.49318730
 52.70   1.49310786
 52.80   1.49302858
 52.90   1.49294945
 53.00   1.49287047
 53.10   1.49279164
 53.20   1.49271297
 53.30   1.49263444
 53.40   1.49255606
 53.50   1.49247783
 53.60   1.49239975
 53.70   1.49232182
 53.80   1.49224404
 53.90   1.49216640
 54.00   1.49208892
 54.10   1.49201158
 54.20   1.49193438
 54.30   1.49185734
 54.40   1.49178044
 54.50   1.49170368
 54.60   1.49162707
 54.70   1.49155061
 54.80   1.49147429
 54.90   1.49139812
 55.00   1.49132209
 55.10   1.49124620
 55.20   1.49117046
 55.30   1.49109486
 55.40   1.49101940
 55.50   1.49094409
 55.60   1.49086892
 55.70   1.49079389
 55.80   1.49071900
 55.90   1.49064426
 56.00   1.49056965
 56.10   1.49049519
 56.20   1.49042086
 56.30   1.49034668
 56.40   1.49027263
 56.50   1.49019873
 56.60   1.49012496
 56.70   1.49005133
 56.80   1.48997784
 56.90   1.48990449
 57.00   1.48983128
 57.10   1.48975820
 57.20   1.48968527
 57.30   1.48961246
 57.40   1.48953980
 57.50   1.48946727
 57.60   1.48939488
 57.70   1.48932262
 57.80   1.48925050
 57.90   1.48917852
 58.00   1.48910667
 58.10   1.48903495
 58.20   1.48896337
 58.30   1.48889192
 58.40   1.48882061
 58.50   1.48874942
 58.60   1.48867838
 58.70   1.48860746
 58.80   1.48853668
 58.90   1.48846603
 59.00   1.48839551
 59.10   1.48832513
 59.20   1.48825487
 59.30   1.48818475
 59.40   1.48811476
 59.50   1.48804489
 59.60   1.48797516
 59.70   1.48790556
 59.80   1.48783609
 59.90   1.48776675
 60.00   1.48769753
 60.10   1.48762845
 60.20   1.48755949
 60.30   1.48749067
 60.40   1.48742197
 60.50   1.48735340
 60.60   1.48728496
 60.70   1.48721664
 60.80   1.48714845
 60.90   1.48708039
 61.00   1.48701246
 61.10   1.48694465
 61.20   1.48687696
 61.30   1.48680941
 61.40   1.48674198
 61.50   1.48667467
 61.60   1.48660749
 61.70   1.48654043
 61.80   1.48647350
 61.90   1.48640670
 62.00   1.48634001
 62.10   1.48627345
 62.20   1.48620702
 62.30   1.48614070
 62.40   1.48607452
 62.50   1.48600845
 62.60   1.48594250
 62.70   1.48587668
 62.80   1.48581098
 62.90   1.48574540
 63.00   1.48567995
 63.10   1.48561461
 63.20   1.48554940
 63.30   1.48548430
 63.40   1.48541933
 63.50   1.48535448
 63.60   1.48528975
 63.70   1.48522513
 63.80   1.48516064
 63.90   1.48509627
 64.00   1.48503201
 64.10   1.48496788
 64.20   1.48490386
 64.30   1.48483996
 64.40   1.48477618
 64.50   1.48471252
 64.60   1.48464897
 64.70   1.48458555
 64.80   1.48452224
 64.90   1.48445904
 65.00   1.48439597
 65.10   1.48433301
 65.20   1.48427016
 65.30   1.48420743
 65.40   1.48414482
 65.50   1.48408233
 65.60   1.48401995
 65.70   1.48395768
 65.80   1.48389553
 65.90   1.48383350
 66.00   1.48377157
 66.10   1.48370977
 66.20   1.48364807
 66.30   1.48358650
 66.40   1.48352503
 66.50   1.48346368
 66.60   1.48340244
 66.70   1.48334131
 66.80   1.48328030
 66.90   1.48321940
 67.00   1.48315861
 67.10   1.48309794
 67.20   1.48303737
 67.30   1.48297692
 67.40   1.48291658
 67.50   1.48285635
 67.60   1.48279623
 67.70   1.48273622
 67.80   1.48267632
 67.90   1.48261653
 68.00   1.48255686
 68.10   1.48249729
 68.20   1.48243783
 68.30   1.48237848
 68.40   1.48231924
 68.50   1.48226011
 68.60   1.48220109
 68.70   1.48214218
 68.80   1.48208337
 68.90   1.48202468
 69.00   1.48196609
 69.10   1.48190761
 69.20   1.48184924
 69.30   1.48179097
 69.40   1.48173282
 69.50   1.48167476
 69.60   1.48161682
 69.70   1.48155898
 69.80   1.48150125
 69.90   1.48144363
 70.00   1.48138611
 70.10   1.48132870
 70.20   1.48127139
 70.30   1.48121419
 70.40   1.48115709
 70.50   1.48110010
 70.60   1.48104321
 70.70   1.48098643
 70.80   1.48092975
 70.90   1.48087317
 71.00   1.48081670
 71.10   1.48076034
 71.20   1.48070407
 71.30   1.48064791
 71.40   1.48059186
 71.50   1.48053590
 71.60   1.48048005
 71.70   1.48042431
 71.80   1.48036866
 71.90   1.48031312
 72.00   1.48025768
 72.10   1.48020234
 72.20   1.48014710
 72.30   1.48009196
 72.40   1.48003693
 72.50   1.47998199
 72.60   1.47992716
 72.70   1.47987243
 72.80   1.47981779
 72.90   1.47976326
 73.00   1.47970883
 73.10   1.47965450
 73.20   1.47960027
 73.30   1.47954613
 73.40   1.47949210
 73.50   1.47943816
 73.60   1.47938433
 73.70   1.47933059
 73.80   1.47927696
 73.90   1.47922342
 74.00   1.47916997
 74.10   1.47911663
 74.20   1.47906339
 74.30   1.47901024
 74.40   1.47895719
 74.50   1.47890424
 74.60   1.47885138
 74.70   1.47879862
 74.80   1.47874596
 74.90   1.47869339
 75.00   1.47864093
 75.10   1.47858855
 75.20   1.47853628
 75.30   1.47848410
 75.40   1.47843201
 75.50   1.47838002
 75.60   1.47832813
 75.70   1.47827633
 75.80   1.47822462
 75.90   1.47817301
 76.00   1.47812150
 76.10   1.47807008
 76.20   1.47801875
 76.30   1.47796752
 76.40   1.47791638
 76.50   1.47786534
 76.60   1.47781439
 76.70   1.47776353
 76.80   1.47771277
 76.90   1.47766209
 77.00   1.47761152
 77.10   1.47756103
 77.20   1.47751064
 77.30   1.47746034
 77.40   1.47741013
 77.50   1.47736001
 77.60   1.47730999
 77.70   1.47726005
 77.80   1.47721021
 77.90   1.47716046
 78.00   1.47711080
 78.10   1.47706124
 78.20   1.47701176
 78.30   1.47696237
 78.40   1.47691307
 78.50   1.47686387
 78.60   1.47681475
 78.70   1.47676573
 78.80   1.47671679
 78.90   1.47666795
 79.00   1.47661919
 79.10   1.47657052
 79.20   1.47652194
 79.30   1.47647345
 79.40   1.47642505
 79.50   1.47637674
 79.60   1.47632852
 79.70   1.47628038
 79.80   1.47623233
 79.90   1.47618438
 80.00   1.47613650
 80.10   1.47608872
 80.20   1.47604102
 80.30   1.47599342
 80.40   1.47594589
 80.50   1.47589846
 80.60   1.47585111
 80.70   1.47580385
 80.80   1.47575668
 80.90   1.47570959
 81.00   1.47566259
 81.10   1.47561567
 81.20   1.47556884
 81.30   1.47552210
 81.40   1.47547544
 81.50   1.47542886
 81.60   1.47538238
 81.70   1.47533597
 81.80   1.47528965
 81.90   1.47524342
 82.00   1.47519727
 82.10   1.47515121
 82.20   1.47510523
 82.30   1.47505933
 82.40   1.47501352
 82.50   1.47496779
 82.60   1.47492215
 82.70   1.47487659
 82.80   1.47483111
 82.90   1.47478572
 83.00   1.47474041
 83.10   1.47469518
 83.20   1.47465003
 83.30   1.47460497
 83.40   1.47455999
 83.50   1.47451509
 83.60   1.47447028
 83.70   1.47442555
 83.80   1.47438089
 83.90   1.47433632
 84.00   1.47429184
 84.10   1.47424743
 84.20   1.47420310
 84.30   1.47415886
 84.40   1.47411469
 84.50   1.47407061
 84.60   1.47402661
 84.70   1.47398269
 84.80   1.47393885
 84.90   1.47389509
 85.00   1.47385140
 85.10   1.47380780
 85.20   1.47376428
 85.30   1.47372084
 85.40   1.47367748
 85.50   1.47363420
 85.60   1.47359099
 85.70   1.47354787
 85.80   1.47350482
 85.90   1.47346185
 86.00   1.47341897
 86.10   1.47337616
 86.20   1.47333342
 86.30   1.47329077
 86.40   1.47324820
 86.50   1.47320570
 86.60   1.47316328
 86.70   1.47312094
 86.80   1.47307867
 86.90   1.47303648
 87.00   1.47299437
 87.10   1.47295234
 87.20   1.47291038
 87.30   1.47286850
 87.40   1.47282670
 87.50   1.47278497
 87.60   1.47274332
 87.70   1.47270175
 87.80   1.47266025
 87.90   1.47261883
 88.00   1.47257748
 88.10   1.47253621
 88.20   1.47249502
 88.30   1.47245390
 88.40   1.47241285
 88.50   1.47237188
 88.60   1.47233099
 88.70   1.47229017
 88.80   1.47224942
 88.90   1.47220875
 89.00   1.47216816
 89.10   1.47212764
 89.20   1.47208719
 89.30   1.47204681
 89.40   1.47200651
 89.50   1.47196629
 89.60   1.47192613
 89.70   1.47188606
 89.80   1.47184605
 89.90   1.47180612
 90.00   1.47176626
 90.10   1.47172647
 90.20   1.47168676
 90.30   1.47164711
 90.40   1.47160755
 90.50   1.47156805
 90.60   1.47152862
 90.70   1.47148927
 90.80   1.47144999
 90.90   1.47141078
 91.00   1.47137165
 91.10   1.47133258
 91.20   1.47129359
 91.30   1.47125466
 91.40   1.47121581
 91.50   1.47117703
 91.60   1.47113832
 91.70   1.47109968
 91.80   1.47106112
 91.90   1.47102262
 92.00   1.47098419
 92.10   1.47094583
 92.20   1.47090755
 92.30   1.47086933
 92.40   1.47083118
 92.50   1.47079311
 92.60   1.47075510
 92.70   1.47071716
 92.80   1.47067929
 92.90   1.47064149
 93.00   1.47060376
 93.10   1.47056610
 93.20   1.47052851
 93.30   1.47049099
 93.40   1.47045353
 93.50   1.47041615
 93.60   1.47037883
 93.70   1.47034158
 93.80   1.47030440
 93.90   1.47026728
 94.00   1.47023024
 94.10   1.47019326
 94.20   1.47015635
 94.30   1.47011950
 94.40   1.47008273
 94.50   1.47004602
 94.60   1.47000938
 94.70   1.46997280
 94.80   1.46993630
 94.90   1.46989986
 95.00   1.46986348
 95.10   1.46982717
 95.20   1.46979093
 95.30   1.46975476
 95.40   1.46971865
 95.50   1.46968261
 95.60   1.46964663
 95.70   1.46961072
 95.80   1.46957487
 95.90   1.46953909
 96.00   1.46950338
 96.10   1.46946773
 96.20   1.46943215
 96.30   1.46939663
 96.40   1.46936117
 96.50   1.46932578
 96.60   1.46929046
 96.70   1.46925520
 96.80   1.46922000
 96.90   1.46918487
 97.00   1.46914981
 97.10   1.46911480
 97.20   1.46907986
 97.30   1.46904499
 97.40   1.46901018
 97.50   1.46897543
 97.60   1.46894075
 97.70   1.46890613
 97.80   1.46887157
 97.90   1.46883707
 98.00   1.46880264
 98.10   1.46876827
 98.20   1.46873397
 98.30   1.46869973
 98.40   1.46866555
 98.50   1.46863143
 98.60   1.46859737
 98.70   1.46856338
 98.80   1.46852945
 98.90   1.46849558
 99.00   1.46846178
 99.10   1.46842803
 99.20   1.46839435
 99.30   1.46836073
 99.40   1.46832717
 99.50   1.46829367
 99.60   1.46826023
 99.70   1.46822685
 99.80   1.46819354
 99.90   1.46816028
100.00   1.46812709
100.10   1.46809396
100.20   1.46806088
100.30   1.46802787
100.40   1.46799492
100.50   1.46796203
100.60   1.46792920
100.70   1.46789642
100.80   1.46786371
100.90   1.46783106
101.00   1.46779847
101.10   1.46776594
101.20   1.46773346
101.30   1.46770105
101.40   1.46766870
101.50   1.46763640
101.60   1.46760417
101.70   1.46757199
101.80   1.46753987
101.90   1.46750781
102.00   1.46747581
102.10   1.46744387
102.20   1.46741198
102.30   1.46738016
102.40   1.46734839
102.50   1.46731668
102.60   1.46728503
102.70   1.46725343
102.80   1.46722190
102.90   1.46719042
103.00   1.46715900
103.10   1.46712764
103.20   1.46709633
103.30   1.46706508
103.40   1.46703389
103.50   1.46700275
103.60   1.46697168
103.70   1.46694066
103.80   1.46690969
103.90   1.46687878
104.00   1.46684793
104.10   1.46681714
104.20   1.46678640
104.30   1.46675572
104.40   1.46672509
104.50   1.46669452
104.60   1.46666401
104.70   1.46663355
104.80   1.46660314
104.90   1.46657280
105.00   1.46654251
105.10   1.46651227
105.20   1.46648209
105.30   1.46645196
105.40   1.46642189
105.50   1.46639187
105.60   1.46636191
105.70   1.46633201
105.80   1.46630216
105.90   1.46627236
106.00   1.46624262
106.10   1.46621293
106.20   1.46618329
106.30   1.46615371
106.40   1.46612419
106.50   1.46609472
106.60   1.46606530
106.70   1.46603593
106.80   1.46600662
106.90   1.46597737
107.00   1.46594816
107.10   1.46591901
107.20   1.46588992
107.30   1.46586087
107.40   1.46583188
107.50   1.46580295
107.60   1.46577406
107.70   1.46574523
107.80   1.46571645
107.90   1.46568772
108.00   1.46565905
108.10   1.46563043
108.20   1.46560186
108.30   1.46557334
108.40   1.46554488
108.50   1.46551646
108.60   1.46548810
108.70   1.46545979
108.80   1.46543154
108.90   1.46540333
109.00   1.46537518
109.10   1.46534707
109.20   1.46531902
109.30   1.46529102
109.40   1.46526307
109.50   1.46523518
109.60   1.46520733
109.70   1.46517953
109.80   1.46515179
109.90   1.46512409
110.00   1.46509645
110.10   1.46506886
110.20   1.46504131
110.30   1.46501382
110.40   1.46498638
110.50   1.46495899
110.60   1.46493165
110.70   1.46490435
110.80   1.46487711
110.90   1.46484992
111.00   1.46482278
111.10   1.46479568
111.20   1.46476864
111.30   1.46474165
111.40   1.46471470
111.50   1.46468781
111.60   1.46466096
111.70   1.46463416
111.80   1.46460741
111.90   1.46458072
112.00   1.46455406
112.10   1.46452746
112.20   1.46450091
112.30   1.46447441
112.40   1.46444795
112.50   1.46442154
112.60   1.46439518
112.70   1.46436887
112.80   1.46434261
112.90   1.46431639
113.00   1.46429022
113.10   1.46426410
113.20   1.46423803
113.30   1.46421201
113.40   1.46418603
113.50   1.46416010
113.60   1.46413422
113.70   1.46410839
113.80   1.46408260
113.90   1.46405686
114.00   1.46403117
114.10   1.46400552
114.20   1.46397992
114.30   1.46395437
114.40   1.46392886
114.50   1.46390341
114.60   1.46387799
114.70   1.46385263
114.80   1.46382731
114.90   1.46380203
115.00   1.46377681
115.10   1.46375163
115.20   1.46372649
115.30   1.46370140
115.40   1.46367636
115.50   1.46365136
115.60   1.46362641
115.70   1.46360150
115.80   1.46357664
115.90   1.46355183
116.00   1.46352706
116.10   1.46350233
116.20   1.46347765
116.30   1.46345302
116.40   1.46342843
116.50   1.46340388
116.60   1.46337939
116.70   1.46335493
116.80   1.46333052
116.90   1.46330616
117.00   1.46328183
117.10   1.46325756
117.20   1.46323333
117.30   1.46320914
117.40   1.46318500
117.50   1.46316090
117.60   1.46313684
117.70   1.46311283
117.80   1.46308886
117.90   1.46306494
118.00   1.46304106
118.10   1.46301722
118.20   1.46299343
118.30   1.46296968
118.40   1.46294597
118.50   1.46292231
118.60   1.46289869
118.70   1.46287512
118.80   1.46285158
118.90   1.46282809
119.00   1.46280465
119.10   1.46278124
119.20   1.46275788
119.30   1.46273456
119.40   1.46271129
119.50   1.46268805
119.60   1.46266486
119.70   1.46264171
119.80   1.46261861
119.90   1.46259554
120.00   1.46257252
120.10   1.46254954
120.20   1.46252660
120.30   1.46250371
120.40   1.46248085
120.50   1.46245804
120.60   1.46243527
120.70   1.46241254
120.80   1.46238985
120.90   1.46236721
121.00   1.46234460
121.10   1.46232204
121.20   1.46229952
121.30   1.46227704
121.40   1.46225460
121.50   1.46223220
121.60   1.46220984
121.70   1.46218752
121.80   1.46216525
121.90   1.46214301
122.00   1.46212082
122.10   1.46209866
122.20   1.46207655
122.30   1.46205448
122.40   1.46203244
122.50   1.46201045
122.60   1.46198850
122.70   1.46196659
122.80   1.46194471
122.90   1.46192288
123.00   1.46190109
123.10   1.46187934
123.20   1.46185762
123.30   1.46183595
123.40   1.46181432
123.50   1.46179272
123.60   1.46177117
123.70   1.46174965
123.80   1.46172818
123.90   1.46170674
124.00   1.46168534
124.10   1.46166398
124.20   1.46164267
124.30   1.46162139
124.40   1.46160014
124.50   1.46157894
124.60   1.46155778
124.70   1.46153665
124.80   1.46151557
124.90   1.46149452
125.00   1.46147351
125.10   1.46145254
125.20   1.46143160
125.30   1.46141071
125.40   1.46138985
125.50   1.46136904
125.60   1.46134826
125.70   1.46132751
125.80   1.46130681
125.90   1.46128614
126.00   1.46126551
126.10   1.46124492
126.20   1.46122437
126.30   1.46120385
126.40   1.46118338
126.50   1.46116294
126.60   1.46114253
126.70   1.46112217
126.80   1.46110184
126.90   1.46108154
127.00   1.46106129
127.10   1.46104107
127.20   1.46102089
127.30   1.46100075
127.40   1.46098064
127.50   1.46096057
127.60   1.46094054
127.70   1.46092054
127.80   1.46090058
127.90   1.46088066
128.00   1.46086077
128.10   1.46084092
128.20   1.46082110
128.30   1.46080132
128.40   1.46078158
128.50   1.46076188
128.60   1.46074221
128.70   1.46072257
128.80   1.46070297
128.90   1.46068341
129.00   1.46066388
129.10   1.46064439
129.20   1.46062494
129.30   1.46060552
129.40   1.46058613
129.50   1.46056678
129.60   1.46054747
129.70   1.46052819
129.80   1.46050895
129.90   1.46048974
130.00   1.46047057
130.10   1.46045143
130.20   1.46043232
130.30   1.46041326
130.40   1.46039422
130.50   1.46037523
130.60   1.46035626
130.70   1.46033733
130.80   1.46031844
130.90   1.46029958
131.00   1.46028075
131.10   1.46026196
131.20   1.46024321
131.30   1.46022448
131.40   1.46020579
131.50   1.46018714
131.60   1.46016852
131.70   1.46014994
131.80   1.46013138
131.90   1.46011287
132.00   1.46009438
132.10   1.46007593
132.20   1.46005751
132.30   1.46003913
132.40   1.46002078
132.50   1.46000247
132.60   1.45998418
132.70   1.45996593
132.80   1.45994772
132.90   1.45992954
133.00   1.45991139
133.10   1.45989327
133.20   1.45987519
133.30   1.45985714
133.40   1.45983912
133.50   1.45982114
133.60   1.45980319
133.70   1.45978527
133.80   1.45976739
133.90   1.45974953
134.00   1.45973171
134.10   1.45971392
134.20   1.45969617
134.30   1.45967845
134.40   1.45966076
134.50   1.45964310
134.60   1.45962547
134.70   1.45960788
134.80   1.45959032
134.90   1.45957279
135.00   1.45955529
135.10   1.45953783
135.20   1.45952040
135.30   1.45950299
135.40   1.45948563
135.50   1.45946829
135.60   1.45945098
135.70   1.45943371
135.80   1.45941646
135.90   1.45939925
136.00   1.45938207
136.10   1.45936493
136.20   1.45934781
136.30   1.45933072
136.40   1.45931367
136.50   1.45929664
136.60   1.45927965
136.70   1.45926269
136.80   1.45924576
136.90   1.45922886
137.00   1.45921199
137.10   1.45919516
137.20   1.45917835
137.30   1.45916157
137.40   1.45914483
137.50   1.45912811
137.60   1.45911143
137.70   1.45909478
137.80   1.45907815
137.90   1.45906156
138.00   1.45904500
138.10   1.45902846
138.20   1.45901196
138.30   1.45899549
138.40   1.45897905
138.50   1.45896264
138.60   1.45894625
138.70   1.45892990
138.80   1.45891358
138.90   1.45889729
139.00   1.45888103
139.10   1.45886479
139.20   1.45884859
139.30   1.45883242
139.40   1.45881627
139.50   1.45880016
139.60   1.45878408
139.70   1.45876802
139.80   1.45875199
139.90   1.45873600
140.00   1.45872003
140.10   1.45870409
140.20   1.45868818
140.30   1.45867230
140.40   1.45865645
140.50   1.45864063
140.60   1.45862484
140.70   1.45860907
140.80   1.45859334
140.90   1.45857763
141.00   1.45856195
141.10   1.45854630
141.20   1.45853068
141.30   1.45851509
141.40   1.45849953
141.50   1.45848399
141.60   1.45846848
141.70   1.45845300
141.80   1.45843755
141.90   1.45842213
142.00   1.45840674
142.10   1.45839137
142.20   1.45837604
142.30   1.45836073
142.40   1.45834544
142.50   1.45833019
142.60   1.45831496
142.70   1.45829977
142.80   1.45828460
142.90   1.45826945
143.00   1.45825434
143.10   1.45823925
143.20   1.45822419
143.30   1.45820916
143.40   1.45819416
143.50   1.45817918
143.60   1.45816423
143.70   1.45814931
143.80   1.45813441
143.90   1.45811954
144.00   1.45810470
144.10   1.45808989
144.20   1.45807510
144.30   1.45806034
144.40   1.45804561
144.50   1.45803091
144.60   1.45801623
144.70   1.45800157
144.80   1.45798695
144.90   1.45797235
145.00   1.45795778
145.10   1.45794323
145.20   1.45792872
145.30   1.45791422
145.40   1.45789976
145.50   1.45788532
145.60   1.45787091
145.70   1.45785652
145.80   1.45784216
145.90   1.45782783
146.00   1.45781352
146.10   1.45779924
146.20   1.45778498
146.30   1.45777075
146.40   1.45775655
146.50   1.45774237
146.60   1.45772822
146.70   1.45771410
146.80   1.45770000
146.90   1.45768592
147.00   1.45767187
147.10   1.45765785
147.20   1.45764385
147.30   1.45762988
147.40   1.45761594
147.50   1.45760202
147.60   1.45758812
147.70   1.45757425
147.80   1.45756041
147.90   1.45754659
148.00   1.45753280
148.10   1.45751903
148.20   1.45750529
148.30   1.45749157
148.40   1.45747787
148.50   1.45746421
148.60   1.45745056
148.70   1.45743695
148.80   1.45742335
148.90   1.45740978
149.00   1.45739624
149.10   1.45738272
149.20   1.45736923
149.30   1.45735576
149.40   1.45734231
149.50   1.45732889
149.60   1.45731550
149.70   1.45730213
149.80   1.45728878
149.90   1.45727546
150.00   1.45726216
150.10   1.45724889
150.20   1.45723564
150.30   1.45722241
150.40   1.45720921
150.50   1.45719603
150.60   1.45718288
150.70   1.45716975
150.80   1.45715665
150.90   1.45714357
151.00   1.45713051
151.10   1.45711748
151.20   1.45710447
151.30   1.45709148
151.40   1.45707852
151.50   1.45706558
151.60   1.45705267
151.70   1.45703978
151.80   1.45702691
151.90   1.45701407
152.00   1.45700125
152.10   1.45698845
152.20   1.45697568
152.30   1.45696293
152.40   1.45695020
152.50   1.45693750
152.60   1.45692482
152.70   1.45691216
152.80   1.45689953
152.90   1.45688691
153.00   1.45687433
153.10   1.45686176
153.20   1.45684922
153.30   1.45683670
153.40   1.45682421
153.50   1.45681173
153.60   1.45679928
153.70   1.45678685
153.80   1.45677445
153.90   1.45676207
154.00   1.45674971
154.10   1.45673737
154.20   1.45672506
154.30   1.45671276
154.40   1.45670050
154.50   1.45668825
154.60   1.45667602
154.70   1.45666382
154.80   1.45665164
154.90   1.45663948
155.00   1.45662735
155.10   1.45661523
155.20   1.45660314
155.30   1.45659107
155.40   1.45657903
155.50   1.45656700
155.60   1.45655500
155.70   1.45654302
155.80   1.45653106
155.90   1.45651912
156.00   1.45650721
156.10   1.45649531
156.20   1.45648344
156.30   1.45647159
156.40   1.45645976
156.50   1.45644795
156.60   1.45643617
156.70   1.45642440
156.80   1.45641266
156.90   1.45640094
157.00   1.45638924
157.10   1.45637756
157.20   1.45636591
157.30   1.45635427
157.40   1.45634266
157.50   1.45633106
157.60   1.45631949
157.70   1.45630794
157.80   1.45629641
157.90   1.45628490
158.00   1.45627342
158.10   1.45626195
158.20   1.45625050
158.30   1.45623908
158.40   1.45622768
158.50   1.45621629
158.60   1.45620493
158.70   1.45619359
158.80   1.45618227
158.90   1.45617097
159.00   1.45615969
159.10   1.45614843
159.20   1.45613719
159.30   1.45612598
159.40   1.45611478
159.50   1.45610360
159.60   1.45609245
159.70   1.45608131
159.80   1.45607020
159.90   1.45605910
160.00   1.45604803
160.10   1.45603697
160.20   1.45602594
160.30   1.45601492
160.40   1.45600393
160.50   1.45599296
160.60   1.45598200
160.70   1.45597107
160.80   1.45596015
160.90   1.45594926
161.00   1.45593839
161.10   1.45592753
161.20   1.45591670
161.30   1.45590588
161.40   1.45589509
161.50   1.45588431
161.60   1.45587356
161.70   1.45586282
161.80   1.45585211
161.90   1.45584141
162.00   1.45583073
162.10   1.45582008
162.20   1.45580944
162.30   1.45579882
162.40   1.45578822
162.50   1.45577764
162.60   1.45576708
162.70   1.45575654
162.80   1.45574602
162.90   1.45573552
163.00   1.45572503
163.10   1.45571457
163.20   1.45570412
163.30   1.45569370
163.40   1.45568329
163.50   1.45567290
163.60   1.45566254
163.70   1.45565219
163.80   1.45564185
163.90   1.45563154
164.00   1.45562125
164.10   1.45561097
164.20   1.45560072
164.30   1.45559048
164.40   1.45558026
164.50   1.45557006
164.60   1.45555988
164.70   1.45554972
164.80   1.45553958
164.90   1.45552945
165.00   1.45551935
165.10   1.45550926
165.20   1.45549919
165.30   1.45548914
165.40   1.45547910
165.50   1.45546909
165.60   1.45545909
165.70   1.45544912
165.80   1.45543916
165.90   1.45542921
166.00   1.45541929
166.10   1.45540939
166.20   1.45539950
166.30   1.45538963
166.40   1.45537978
166.50   1.45536994
166.60   1.45536013
166.70   1.45535033
166.80   1.45534055
166.90   1.45533079
167.00   1.45532105
167.10   1.45531132
167.20   1.45530161
167.30   1.45529192
167.40   1.45528225
167.50   1.45527260
167.60   1.45526296
167.70   1.45525334
167.80   1.45524374
167.90   1.45523415
168.00   1.45522459
168.10   1.45521504
168.20   1.45520551
168.30   1.45519599
168.40   1.45518649
168.50   1.45517701
168.60   1.45516755
168.70   1.45515811
168.80   1.45514868
168.90   1.45513927
169.00   1.45512987
169.10   1.45512050
169.20   1.45511114
169.30   1.45510180
169.40   1.45509247
169.50   1.45508316
169.60   1.45507387
169.70   1.45506460
169.80   1.45505534
169.90   1.45504610
170.00   1.45503688
170.10   1.45502767
170.20   1.45501848
170.30   1.45500931
170.40   1.45500016
170.50   1.45499102
170.60   1.45498189
170.70   1.45497279
170.80   1.45496370
170.90   1.45495463
171.00   1.45494557
171.10   1.45493653
171.20   1.45492751
171.30   1.45491850
171.40   1.45490951
171.50   1.45490054
171.60   1.45489158
171.70   1.45488264
171.80   1.45487372
171.90   1.45486481
172.00   1.45485592
172.10   1.45484704
172.20   1.45483818
172.30   1.45482934
172.40   1.45482051
172.50   1.45481170
172.60   1.45480291
172.70   1.45479413
172.80   1.45478536
172.90   1.45477662
173.00   1.45476789
173.10   1.45475917
173.20   1.45475047
173.30   1.45474179
173.40   1.45473312
173.50   1.45472447
173.60   1.45471584
173.70   1.45470722
173.80   1.45469861
173.90   1.45469003
174.00   1.45468145
174.10   1.45467290
174.20   1.45466436
174.30   1.45465583
174.40   1.45464732
174.50   1.45463883
174.60   1.45463035
174.70   1.45462188
174.80   1.45461344
174.90   1.45460500
175.00   1.45459659
175.10   1.45458819
175.20   1.45457980
175.30   1.45457143
175.40   1.45456307
175.50   1.45455473
175.60   1.45454641
175.70   1.45453810
175.80   1.45452980
175.90   1.45452152
176.00   1.45451326
176.10   1.45450501
176.20   1.45449678
176.30   1.45448856
176.40   1.45448035
176.50   1.45447216
176.60   1.45446399
176.70   1.45445583
176.80   1.45444769
176.90   1.45443956
177.00   1.45443144
177.10   1.45442334
177.20   1.45441526
177.30   1.45440719
177.40   1.45439913
177.50   1.45439109
177.60   1.45438307
177.70   1.45437505
177.80   1.45436706
177.90   1.45435908
178.00   1.45435111
178.10   1.45434316
178.20   1.45433522
178.30   1.45432729
178.40   1.45431938
178.50   1.45431149
178.60   1.45430361
178.70   1.45429574
178.80   1.45428789
178.90   1.45428005
179.00   1.45427223
179.10   1.45426442
179.20   1.45425663
179.30   1.45424885
179.40   1.45424108
179.50   1.45423333
179.60   1.45422559
179.70   1.45421787
179.80   1.45421016
179.90   1.45420246
180.00   1.45419478
180.10   1.45418712
180.20   1.45417946
180.30   1.45417182
180.40   1.45416420
180.50   1.45415659
180.60   1.45414899
180.70   1.45414141
180.80   1.45413384
180.90   1.45412628
181.00   1.45411874
181.10   1.45411121
181.20   1.45410370
181.30   1.45409620
181.40   1.45408871
181.50   1.45408124
181.60   1.45407378
181.70   1.45406633
181.80   1.45405890
181.90   1.45405148
182.00   1.45404407
182.10   1.45403668
182.20   1.45402930
182.30   1.45402194
182.40   1.45401459
182.50   1.45400725
182.60   1.45399993
182.70   1.45399261
182.80   1.45398532
182.90   1.45397803
183.00   1.45397076
183.10   1.45396350
183.20   1.45395626
183.30   1.45394903
183.40   1.45394181
183.50   1.45393461
183.60   1.45392741
183.70   1.45392024
183.80   1.45391307
183.90   1.45390592
184.00   1.45389878
184.10   1.45389165
184.20   1.45388454
184.30   1.45387744
184.40   1.45387035
184.50   1.45386328
184.60   1.45385622
184.70   1.45384917
184.80   1.45384213
184.90   1.45383511
185.00   1.45382810
185.10   1.45382110
185.20   1.45381412
185.30   1.45380715
185.40   1.45380019
185.50   1.45379324
185.60   1.45378631
185.70   1.45377939
185.80   1.45377248
185.90   1.45376559
186.00   1.45375870
186.10   1.45375183
186.20   1.45374498
186.30   1.45373813
186.40   1.45373130
186.50   1.45372448
186.60   1.45371767
186.70   1.45371088
186.80   1.45370409
186.90   1.45369732
187.00   1.45369057
187.10   1.45368382
187.20   1.45367709
187.30   1.45367037
187.40   1.45366366
187.50   1.45365696
187.60   1.45365028
187.70   1.45364361
187.80   1.45363695
187.90   1.45363030
188.00   1.45362366
188.10   1.45361704
188.20   1.45361043
188.30   1.45360383
188.40   1.45359724
188.50   1.45359067
188.60   1.45358410
188.70   1.45357755
188.80   1.45357101
188.90   1.45356449
189.00   1.45355797
189.10   1.45355147
189.20   1.45354498
189.30   1.45353850
189.40   1.45353203
189.50   1.45352557
189.60   1.45351913
189.70   1.45351270
189.80   1.45350628
189.90   1.45349987
190.00   1.45349347
190.10   1.45348709
190.20   1.45348071
190.30   1.45347435
190.40   1.45346800
190.50   1.45346166
190.60   1.45345534
190.70   1.45344902
190.80   1.45344272
190.90   1.45343642
191.00   1.45343014
191.10   1.45342387
191.20   1.45341761
191.30   1.45341137
191.40   1.45340513
191.50   1.45339891
191.60   1.45339270
191.70   1.45338650
191.80   1.45338031
191.90   1.45337413
192.00   1.45336796
192.10   1.45336180
192.20   1.45335566
192.30   1.45334953
192.40   1.45334340
192.50   1.45333729
192.60   1.45333119
192.70   1.45332510
192.80   1.45331903
192.90   1.45331296
193.00   1.45330690
193.10   1.45330086
193.20   1.45329483
193.30   1.45328880
193.40   1.45328279
193.50   1.45327679
193.60   1.45327080
193.70   1.45326483
193.80   1.45325886
193.90   1.45325290
194.00   1.45324696
194.10   1.45324102
194.20   1.45323510
194.30   1.45322918
194.40   1.45322328
194.50   1.45321739
194.60   1.45321151
194.70   1.45320564
194.80   1.45319978
194.90   1.45319393
195.00   1.45318809
195.10   1.45318227
195.20   1.45317645
195.30   1.45317065
195.40   1.45316485
195.50   1.45315907
195.60   1.45315329
195.70   1.45314753
195.80   1.45314177
195.90   1.45313603
196.00   1.45313030
196.10   1.45312458
196.20   1.45311887
196.30   1.45311317
196.40   1.45310748
196.50   1.45310180
196.60   1.45309613
196.70   1.45309047
196.80   1.45308482
196.90   1.45307918
197.00   1.45307355
197.10   1.45306794
197.20   1.45306233
197.30   1.45305673
197.40   1.45305114
197.50   1.45304557
197.60   1.45304000
197.70   1.45303444
197.80   1.45302890
197.90   1.45302336
198.00   1.45301784
198.10   1.45301232
198.20   1.45300681
198.30   1.45300132
198.40   1.45299583
198.50   1.45299036
198.60   1.45298489
198.70   1.45297944
198.80   1.45297399
198.90   1.45296855
199.00   1.45296313
199.10   1.45295771
199.20   1.45295231
199.30   1.45294691
199.40   1.45294152
199.50   1.45293615
199.60   1.45293078
199.70   1.45292542
199.80   1.45292008
199.90   1.45291474
200.00   1.45290941
200.10   1.45290409
200.20   1.45289879
200.30   1.45289349
200.40   1.45288820
200.50   1.45288292
200.60   1.45287765
200.70   1.45287239
200.80   1.45286714
200.90   1.45286190
201.00   1.45285667
201.10   1.45285145
201.20   1.45284624
201.30   1.45284103
201.40   1.45283584
201.50   1.45283066
201.60   1.45282548
201.70   1.45282032
201.80   1.45281516
201.90   1.45281002
202.00   1.45280488
202.10   1.45279976
202.20   1.45279464
202.30   1.45278953
202.40   1.45278443
202.50   1.45277934
202.60   1.45277426
202.70   1.45276919
202.80   1.45276413
202.90   1.45275908
203.00   1.45275404
203.10   1.45274900
203.20   1.45274398
203.30   1.45273896
203.40   1.45273396
203.50   1.45272896
203.60   1.45272397
203.70   1.45271899
203.80   1.45271402
203.90   1.45270906
204.00   1.45270411
204.10   1.45269917
204.20   1.45269423
204.30   1.45268931
204.40   1.45268439
204.50   1.45267949
204.60   1.45267459
204.70   1.45266970
204.80   1.45266482
204.90   1.45265995
205.00   1.45265509
205.10   1.45265024
205.20   1.45264539
205.30   1.45264056
205.40   1.45263573
205.50   1.45263091
205.60   1.45262610
205.70   1.45262130
205.80   1.45261651
205.90   1.45261173
206.00   1.45260696
206.10   1.45260219
206.20   1.45259744
206.30   1.45259269
206.40   1.45258795
206.50   1.45258322
206.60   1.45257850
206.70   1.45257378
206.80   1.45256908
206.90   1.45256438
207.00   1.45255970
207.10   1.45255502
207.20   1.45255035
207.30   1.45254569
207.40   1.45254103
207.50   1.45253639
207.60   1.45253175
207.70   1.45252713
207.80   1.45252251
207.90   1.45251790
208.00   1.45251330
208.10   1.45250870
208.20   1.45250412
208.30   1.45249954
208.40   1.45249497
208.50   1.45249041
208.60   1.45248586
208.70   1.45248131
208.80   1.45247678
208.90   1.45247225
209.00   1.45246773
209.10   1.45246322
209.20   1.45245872
209.30   1.45245423
209.40   1.45244974
209.50   1.45244526
209.60   1.45244079
209.70   1.45243633
209.80   1.45243188
209.90   1.45242743
210.00   1.45242300
210.10   1.45241857
210.20   1.45241415
210.30   1.45240974
210.40   1.45240533
210.50   1.45240094
210.60   1.45239655
210.70   1.45239217
210.80   1.45238779
210.90   1.45238343
211.00   1.45237907
211.10   1.45237472
211.20   1.45237038
211.30   1.45236605
211.40   1.45236173
211.50   1.45235741
211.60   1.45235310
211.70   1.45234880
211.80   1.45234451
211.90   1.45234022
212.00   1.45233595
212.10   1.45233168
212.20   1.45232741
212.30   1.45232316
212.40   1.45231891
212.50   1.45231467
212.60   1.45231044
212.70   1.45230622
212.80   1.45230201
212.90   1.45229780
213.00   1.45229360
213.10   1.45228941
213.20   1.45228522
213.30   1.45228104
213.40   1.45227688
213.50   1.45227271
213.60   1.45226856
213.70   1.45226441
213.80   1.45226027
213.90   1.45225614
214.00   1.45225202
214.10   1.45224790
214.20   1.45224379
214.30   1.45223969
214.40   1.45223560
214.50   1.45223151
214.60   1.45222744
214.70   1.45222336
214.80   1.45221930
214.90   1.45221524
215.00   1.45221119
215.10   1.45220715
215.20   1.45220312
215.30   1.45219909
215.40   1.45219507
215.50   1.45219106
215.60   1.45218706
215.70   1.45218306
215.80   1.45217907
215.90   1.45217509
216.00   1.45217111
216.10   1.45216714
216.20   1.45216318
216.30   1.45215923
216.40   1.45215528
216.50   1.45215134
216.60   1.45214741
216.70   1.45214348
216.80   1.45213957
216.90   1.45213565
217.00   1.45213175
217.10   1.45212786
217.20   1.45212397
217.30   1.45212008
217.40   1.45211621
217.50   1.45211234
217.60   1.45210848
217.70   1.45210463
217.80   1.45210078
217.90   1.45209694
218.00   1.45209311
218.10   1.45208928
218.20   1.45208546
218.30   1.45208165
218.40   1.45207785
218.50   1.45207405
218.60   1.45207026
218.70   1.45206647
218.80   1.45206270
218.90   1.45205893
219.00   1.45205516
219.10   1.45205141
219.20   1.45204766
219.30   1.45204391
219.40   1.45204018
219.50   1.45203645
219.60   1.45203273
219.70   1.45202901
219.80   1.45202530
219.90   1.45202160
220.00   1.45201791
220.10   1.45201422
220.20   1.45201054
220.30   1.45200686
220.40   1.45200319
220.50   1.45199953
220.60   1.45199588
220.70   1.45199223
220.80   1.45198859
220.90   1.45198495
221.00   1.45198132
221.10   1.45197770
221.20   1.45197409
221.30   1.45197048
221.40   1.45196688
221.50   1.45196328
221.60   1.45195970
221.70   1.45195611
221.80   1.45195254
221.90   1.45194897
222.00   1.45194541
222.10   1.45194185
222.20   1.45193830
222.30   1.45193476
222.40   1.45193122
222.50   1.45192769
222.60   1.45192417
222.70   1.45192065
222.80   1.45191714
222.90   1.45191364
223.00   1.45191014
223.10   1.45190665
223.20   1.45190316
223.30   1.45189969
223.40   1.45189621
223.50   1.45189275
223.60   1.45188929
223.70   1.45188583
223.80   1.45188239
223.90   1.45187895
224.00   1.45187551
224.10   1.45187208
224.20   1.45186866
224.30   1.45186525
224.40   1.45186184
224.50   1.45185844
224.60   1.45185504
224.70   1.45185165
224.80   1.45184826
224.90   1.45184489
225.00   1.45184151
225.10   1.45183815
225.20   1.45183479
225.30   1.45183143
225.40   1.45182809
225.50   1.45182475
225.60   1.45182141
225.70   1.45181808
225.80   1.45181476
225.90   1.45181144
226.00   1.45180813
226.10   1.45180483
226.20   1.45180153
226.30   1.45179823
226.40   1.45179495
226.50   1.45179167
226.60   1.45178839
226.70   1.45178512
226.80   1.45178186
226.90   1.45177860
227.00   1.45177535
227.10   1.45177211
227.20   1.45176887
227.30   1.45176563
227.40   1.45176241
227.50   1.45175919
227.60   1.45175597
227.70   1.45175276
227.80   1.45174956
227.90   1.45174636
228.00   1.45174317
228.10   1.45173998
228.20   1.45173680
228.30   1.45173363
228.40   1.45173046
228.50   1.45172730
228.60   1.45172414
228.70   1.45172099
228.80   1.45171784
228.90   1.45171470
229.00   1.45171157
229.10   1.45170844
229.20   1.45170532
229.30   1.45170220
229.40   1.45169909
229.50   1.45169598
229.60   1.45169288
229.70   1.45168979
229.80   1.45168670
229.90   1.45168362
230.00   1.45168054
230.10   1.45167747
230.20   1.45167440
230.30   1.45167134
230.40   1.45166829
230.50   1.45166524
230.60   1.45166219
230.70   1.45165916
230.80   1.45165612
230.90   1.45165310
231.00   1.45165007
231.10   1.45164706
231.20   1.45164405
231.30   1.45164104
231.40   1.45163804
231.50   1.45163505
231.60   1.45163206
231.70   1.45162908
231.80   1.45162610
231.90   1.45162313
232.00   1.45162016
232.10   1.45161720
232.20   1.45161424
232.30   1.45161129
232.40   1.45160835
232.50   1.45160541
232.60   1.45160247
232.70   1.45159955
232.80   1.45159662
232.90   1.45159370
233.00   1.45159079
233.10   1.45158788
233.20   1.45158498
233.30   1.45158208
233.40   1.45157919
233.50   1.45157631
233.60   1.45157342
233.70   1.45157055
233.80   1.45156768
233.90   1.45156481
234.00   1.45156195
234.10   1.45155910
234.20   1.45155625
234.30   1.45155340
234.40   1.45155056
234.50   1.45154773
234.60   1.45154490
234.70   1.45154208
234.80   1.45153926
234.90   1.45153645
235.00   1.45153364
235.10   1.45153083
235.20   1.45152804
235.30   1.45152524
235.40   1.45152246
235.50   1.45151967
235.60   1.45151690
235.70   1.45151412
235.80   1.45151136
235.90   1.45150859
236.00   1.45150584
236.10   1.45150308
236.20   1.45150034
236.30   1.45149759
236.40   1.45149486
236.50   1.45149212
236.60   1.45148940
236.70   1.45148667
236.80   1.45148396
236.90   1.45148124
237.00   1.45147854
237.10   1.45147583
237.20   1.45147314
237.30   1.45147044
237.40   1.45146776
237.50   1.45146507
237.60   1.45146240
237.70   1.45145972
237.80   1.45145706
237.90   1.45145439
238.00   1.45145173
238.10   1.45144908
238.20   1.45144643
238.30   1.45144379
238.40   1.45144115
238.50   1.45143852
238.60   1.45143589
238.70   1.45143326
238.80   1.45143064
238.90   1.45142803
239.00   1.45142542
239.10   1.45142281
239.20   1.45142021
239.30   1.45141762
239.40   1.45141502
239.50   1.45141244
239.60   1.45140986
239.70   1.45140728
239.80   1.45140471
239.90   1.45140214
240.00   1.45139958
240.10   1.45139702
240.20   1.45139446
240.30   1.45139192
240.40   1.45138937
240.50   1.45138683
240.60   1.45138430
240.70   1.45138177
240.80   1.45137924
240.90   1.45137672
241.00   1.45137420
241.10   1.45137169
241.20   1.45136919
241.30   1.45136668
241.40   1.45136419
241.50   1.45136169
241.60   1.45135920
241.70   1.45135672
241.80   1.45135424
241.90   1.45135176
242.00   1.45134929
242.10   1.45134683
242.20   1.45134436
242.30   1.45134191
242.40   1.45133946
242.50   1.45133701
242.60   1.45133456
242.70   1.45133212
242.80   1.45132969
242.90   1.45132726
243.00   1.45132483
243.10   1.45132241
243.20   1.45131999
243.30   1.45131758
243.40   1.45131517
243.50   1.45131277
243.60   1.45131037
243.70   1.45130797
243.80   1.45130558
243.90   1.45130320
244.00   1.45130082
244.10   1.45129844
244.20   1.45129606
244.30   1.45129370
244.40   1.45129133
244.50   1.45128897
244.60   1.45128662
244.70   1.45128426
244.80   1.45128192
244.90   1.45127957
245.00   1.45127723
245.10   1.45127490
245.20   1.45127257
245.30   1.45127024
245.40   1.45126792
245.50   1.45126560
245.60   1.45126329
245.70   1.45126098
245.80   1.45125868
245.90   1.45125638
246.00   1.45125408
246.10   1.45125179
246.20   1.45124950
246.30   1.45124722
246.40   1.45124494
246.50   1.45124266
246.60   1.45124039
246.70   1.45123812
246.80   1.45123586
246.90   1.45123360
247.00   1.45123135
247.10   1.45122910
247.20   1.45122685
247.30   1.45122461
247.40   1.45122237
247.50   1.45122013
247.60   1.45121790
247.70   1.45121568
247.80   1.45121346
247.90   1.45121124
248.00   1.45120902
248.10   1.45120681
248.20   1.45120461
248.30   1.45120241
248.40   1.45120021
248.50   1.45119802
248.60   1.45119583
248.70   1.45119364
248.80   1.45119146
248.90   1.45118928
249.00   1.45118711
249.10   1.45118494
249.20   1.45118277
249.30   1.45118061
249.40   1.45117845
249.50   1.45117630
249.60   1.45117415
249.70   1.45117200
249.80   1.45116986
249.90   1.45116772
250.00   1.45116559
250.10   1.45116346
250.20   1.45116133
250.30   1.45115921
250.40   1.45115709
250.50   1.45115497
250.60   1.45115286
250.70   1.45115076
250.80   1.45114865
250.90   1.45114655
251.00   1.45114446
251.10   1.45114236
251.20   1.45114028
251.30   1.45113819
251.40   1.45113611
251.50   1.45113404
251.60   1.45113196
251.70   1.45112989
251.80   1.45112783
251.90   1.45112577
252.00   1.45112371
252.10   1.45112166
252.20   1.45111961
252.30   1.45111756
252.40   1.45111552
252.50   1.45111348
252.60   1.45111144
252.70   1.45110941
252.80   1.45110738
252.90   1.45110536
253.00   1.45110334
253.10   1.45110132
253.20   1.45109931
253.30   1.45109730
253.40   1.45109529
253.50   1.45109329
253.60   1.45109129
253.70   1.45108930
253.80   1.45108731
253.90   1.45108532
254.00   1.45108334
254.10   1.45108136
254.20   1.45107938
254.30   1.45107741
254.40   1.45107544
254.50   1.45107347
254.60   1.45107151
254.70   1.45106955
254.80   1.45106760
254.90   1.45106565
255.00   1.45106370
255.10   1.45106175
255.20   1.45105981
255.30   1.45105788
255.40   1.45105594
255.50   1.45105401
255.60   1.45105209
255.70   1.45105016
255.80   1.45104824
255.90   1.45104633
256.00   1.45104442
256.10   1.45104251
256.20   1.45104060
256.30   1.45103870
256.40   1.45103680
256.50   1.45103491
256.60   1.45103301
256.70   1.45103113
256.80   1.45102924
256.90   1.45102736
257.00   1.45102548
257.10   1.45102361
257.20   1.45102174
257.30   1.45101987
257.40   1.45101801
257.50   1.45101614
257.60   1.45101429
257.70   1.45101243
257.80   1.45101058
257.90   1.45100874
258.00   1.45100689
258.10   1.45100505
258.20   1.45100321
258.30   1.45100138
258.40   1.45099955
258.50   1.45099772
258.60   1.45099590
258.70   1.45099408
258.80   1.45099226
258.90   1.45099045
259.00   1.45098864
259.10   1.45098683
259.20   1.45098503
259.30   1.45098323
259.40   1.45098143
259.50   1.45097964
259.60   1.45097785
259.70   1.45097606
259.80   1.45097427
259.90   1.45097249
260.00   1.45097072
260.10   1.45096894
260.20   1.45096717
260.30   1.45096540
260.40   1.45096364
260.50   1.45096188
260.60   1.45096012
260.70   1.45095836
260.80   1.45095661
260.90   1.45095486
261.00   1.45095312
261.10   1.45095138
261.20   1.45094964
261.30   1.45094790
261.40   1.45094617
261.50   1.45094444
261.60   1.45094271
261.70   1.45094099
261.80   1.45093927
261.90   1.45093755
262.00   1.45093584
262.10   1.45093413
262.20   1.45093242
262.30   1.45093072
262.40   1.45092902
262.50   1.45092732
262.60   1.45092562
262.70   1.45092393
262.80   1.45092224
262.90   1.45092056
263.00   1.45091888
263.10   1.45091720
263.20   1.45091552
263.30   1.45091385
263.40   1.45091218
263.50   1.45091051
263.60   1.45090884
263.70   1.45090718
263.80   1.45090553
263.90   1.45090387
264.00   1.45090222
264.10   1.45090057
264.20   1.45089892
264.30   1.45089728
264.40   1.45089564
264.50   1.45089400
264.60   1.45089237
264.70   1.45089074
264.80   1.45088911
264.90   1.45088748
265.00   1.45088586
265.10   1.45088424
265.20   1.45088263
265.30   1.45088101
265.40   1.45087940
265.50   1.45087780
265.60   1.45087619
265.70   1.45087459
265.80   1.45087299
265.90   1.45087140
266.00   1.45086980
266.10   1.45086821
266.20   1.45086663
266.30   1.45086504
266.40   1.45086346
266.50   1.45086188
266.60   1.45086031
266.70   1.45085874
266.80   1.45085717
266.90   1.45085560
267.00   1.45085404
267.10   1.45085247
267.20   1.45085092
267.30   1.45084936
267.40   1.45084781
267.50   1.45084626
267.60   1.45084471
267.70   1.45084317
267.80   1.45084163
267.90   1.45084009
268.00   1.45083855
268.10   1.45083702
268.20   1.45083549
268.30   1.45083396
268.40   1.45083244
268.50   1.45083092
268.60   1.45082940
268.70   1.45082788
268.80   1.45082637
268.90   1.45082486
269.00   1.45082335
269.10   1.45082185
269.20   1.45082034
269.30   1.45081885
269.40   1.45081735
269.50   1.45081585
269.60   1.45081436
269.70   1.45081288
269.80   1.45081139
269.90   1.45080991
270.00   1.45080843
270.10   1.45080695
270.20   1.45080547
270.30   1.45080400
270.40   1.45080253
270.50   1.45080106
270.60   1.45079960
270.70   1.45079814
270.80   1.45079668
270.90   1.45079522
271.00   1.45079377
271.10   1.45079232
271.20   1.45079087
271.30   1.45078943
271.40   1.45078798
271.50   1.45078654
271.60   1.45078511
271.70   1.45078367
271.80   1.45078224
271.90   1.45078081
272.00   1.45077938
272.10   1.45077796
272.20   1.45077653
272.30   1.45077512
272.40   1.45077370
272.50   1.45077228
272.60   1.45077087
272.70   1.45076946
272.80   1.45076806
272.90   1.45076665
273.00   1.45076525
273.10   1.45076385
273.20   1.45076246
273.30   1.45076106
273.40   1.45075967
273.50   1.45075828
273.60   1.45075690
273.70   1.45075551
273.80   1.45075413
273.90   1.45075276
274.00   1.45075138
274.10   1.45075001
274.20   1.45074864
274.30   1.45074727
274.40   1.45074590
274.50   1.45074454
274.60   1.45074318
274.70   1.45074182
274.80   1.45074046
274.90   1.45073911
275.00   1.45073776
275.10   1.45073641
275.20   1.45073506
275.30   1.45073372
275.40   1.45073238
275.50   1.45073104
275.60   1.45072970
275.70   1.45072837
275.80   1.45072704
275.90   1.45072571
276.00   1.45072438
276.10   1.45072306
276.20   1.45072174
276.30   1.45072042
276.40   1.45071910
276.50   1.45071779
276.60   1.45071648
276.70   1.45071517
276.80   1.45071386
276.90   1.45071255
277.00   1.45071125
277.10   1.45070995
277.20   1.45070865
277.30   1.45070736
277.40   1.45070607
277.50   1.45070478
277.60   1.45070349
277.70   1.45070220
277.80   1.45070092
277.90   1.45069964
278.00   1.45069836
278.10   1.45069708
278.20   1.45069581
278.30   1.45069454
278.40   1.45069327
278.50   1.45069200
278.60   1.45069073
278.70   1.45068947
278.80   1.45068821
278.90   1.45068695
279.00   1.45068570
279.10   1.45068445
279.20   1.45068319
279.30   1.45068195
279.40   1.45068070
279.50   1.45067946
279.60   1.45067821
279.70   1.45067697
279.80   1.45067574
279.90   1.45067450
280.00   1.45067327
280.10   1.45067204
280.20   1.45067081
280.30   1.45066958
280.40   1.45066836
280.50   1.45066714
280.60   1.45066592
280.70   1.45066470
280.80   1.45066349
280.90   1.45066227
281.00   1.45066106
281.10   1.45065985
281.20   1.45065865
281.30   1.45065744
281.40   1.45065624
281.50   1.45065504
281.60   1.45065385
281.70   1.45065265
281.80   1.45065146
281.90   1.45065027
282.00   1.45064908
282.10   1.45064789
282.20   1.45064671
282.30   1.45064553
282.40   1.45064435
282.50   1.45064317
282.60   1.45064199
282.70   1.45064082
282.80   1.45063965
282.90   1.45063848
283.00   1.45063731
283.10   1.45063615
283.20   1.45063498
283.30   1.45063382
283.40   1.45063267
283.50   1.45063151
283.60   1.45063036
283.70   1.45062920
283.80   1.45062805
283.90   1.45062691
284.00   1.45062576
284.10   1.45062462
284.20   1.45062347
284.30   1.45062233
284.40   1.45062120
284.50   1.45062006
284.60   1.45061893
284.70   1.45061780
284.80   1.45061667
284.90   1.45061554
285.00   1.45061442
285.10   1.45061329
285.20   1.45061217
285.30   1.45061105
285.40   1.45060994
285.50   1.45060882
285.60   1.45060771
285.70   1.45060660
285.80   1.45060549
285.90   1.45060438
286.00   1.45060328
286.10   1.45060217
286.20   1.45060107
286.30   1.45059998
286.40   1.45059888
286.50   1.45059778
286.60   1.45059669
286.70   1.45059560
286.80   1.45059451
286.90   1.45059343
287.00   1.45059234
287.10   1.45059126
287.20   1.45059018
287.30   1.45058910
287.40   1.45058802
287.50   1.45058695
287.60   1.45058587
287.70   1.45058480
287.80   1.45058373
287.90   1.45058267
288.00   1.45058160
288.10   1.45058054
288.20   1.45057948
288.30   1.45057842
288.40   1.45057736
288.50   1.45057631
288.60   1.45057525
288.70   1.45057420
288.80   1.45057315
288.90   1.45057210
289.00   1.45057106
289.10   1.45057002
289.20   1.45056897
289.30   1.45056793
289.40   1.45056690
289.50   1.45056586
289.60   1.45056483
289.70   1.45056379
289.80   1.45056276
289.90   1.45056173
290.00   1.45056071
290.10   1.45055968
290.20   1.45055866
290.30   1.45055764
290.40   1.45055662
290.50   1.45055560
290.60   1.45055459
290.70   1.45055357
290.80   1.45055256
290.90   1.45055155
291.00   1.45055054
291.10   1.45054954
291.20   1.45054853
291.30   1.45054753
291.40   1.45054653
291.50   1.45054553
291.60   1.45054453
291.70   1.45054354
291.80   1.45054254
291.90   1.45054155
292.00   1.45054056
292.10   1.45053957
292.20   1.45053859
292.30   1.45053760
292.40   1.45053662
292.50   1.45053564
292.60   1.45053466
292.70   1.45053368
292.80   1.45053271
292.90   1.45053173
293.00   1.45053076
293.10   1.45052979
293.20   1.45052882
293.30   1.45052786
293.40   1.45052689
293.50   1.45052593
293.60   1.45052497
293.70   1.45052401
293.80   1.45052305
293.90   1.45052210
294.00   1.45052114
294.10   1.45052019
294.20   1.45051924
294.30   1.45051829
294.40   1.45051734
294.50   1.45051640
294.60   1.45051545
294.70   1.45051451
294.80   1.45051357
294.90   1.45051263
295.00   1.45051169
295.10   1.45051076
295.20   1.45050982
295.30   1.45050889
295.40   1.45050796
295.50   1.45050703
295.60   1.45050611
295.70   1.45050518
295.80   1.45050426
295.90   1.45050334
296.00   1.45050242
296.10   1.45050150
296.20   1.45050058
296.30   1.45049967
296.40   1.45049875
296.50   1.45049784
296.60   1.45049693
296.70   1.45049602
296.80   1.45049512
296.90   1.45049421
297.00   1.45049331
297.10   1.45049241
297.20   1.45049151
297.30   1.45049061
297.40   1.45048971
297.50   1.45048882
297.60   1.45048792
297.70   1.45048703
297.80   1.45048614
297.90   1.45048525
298.00   1.45048437
298.10   1.45048348
298.20   1.45048260
298.30   1.45048172
298.40   1.45048084
298.50   1.45047996
298.60   1.45047908
298.70   1.45047820
298.80   1.45047733
298.90   1.45047646
299.00   1.45047559
299.10   1.45047472
299.20   1.45047385
299.30   1.45047298
299.40   1.45047212
299.50   1.45047126
299.60   1.45047039
299.70   1.45046953
299.80   1.45046868
299.90   1.45046782
300.00   1.45046696
