  Time Stress
  0.00   2.46450000
  0.10   2.46230530
  0.20   2.46011845
  0.30   2.45793942
  0.40   2.45576818
  0.50   2.45360470
  0.60   2.45144896
  0.70   2.44930093
  0.80   2.44716058
  0.90   2.44502788
  1.00   2.44290280
  1.10   2.44078532
  1.20   2.43867542
  1.30   2.43657305
  1.40   2.43447821
  1.50   2.43239085
  1.60   2.43031096
  1.70   2.42823851
  1.80   2.42617346
  1.90   2.42411580
  2.00   2.42206550
  2.10   2.42002252
  2.20   2.41798685
  2.30   2.41595846
  2.40   2.41393732
  2.50   2.41192341
  2.60   2.40991670
  2.70   2.40791717
  2.80   2.40592478
  2.90   2.40393952
  3.00   2.40196135
  3.10   2.39999026
  3.20   2.39802621
  3.30   2.39606919
  3.40   2.39411917
  3.50   2.39217612
  3.60   2.39024001
  3.70   2.38831083
  3.80   2.38638854
  3.90   2.38447313
  4.00   2.38256457
  4.10   2.38066283
  4.20   2.37876789
  4.30   2.37687973
  4.40   2.37499831
  4.50   2.37312363
  4.60   2.37125564
  4.70   2.36939434
  4.80   2.36753969
  4.90   2.36569167
  5.00   2.36385026
  5.10   2.36201543
  5.20   2.36018717
  5.30   2.35836544
  5.40   2.35655022
  5.50   2.35474150
  5.60   2.35293924
  5.70   2.35114342
  5.80   2.34935403
  5.90   2.34757104
  6.00   2.34579441
  6.10   2.34402415
  6.20   2.34226021
  6.30   2.34050258
  6.40   2.33875123
  6.50   2.33700614
  6.60   2.33526730
  6.70   2.33353467
  6.80   2.33180823
  6.90   2.33008797
  7.00   2.32837386
  7.10   2.32666588
  7.20   2.32496401
  7.30   2.32326822
  7.40   2.32157849
  7.50   2.31989481
  7.60   2.31821714
  7.70   2.31654547
  7.80   2.31487978
  7.90   2.31322005
  8.00   2.31156625
  8.10   2.30991836
  8.20   2.30827637
  8.30   2.30664025
  8.40   2.30500997
  8.50   2.30338553
  8.60   2.30176689
  8.70   2.30015404
  8.80   2.29854696
  8.90   2.29694562
  9.00   2.29535001
  9.10   2.29376011
  9.20   2.29217589
  9.30   2.29059733
  9.40   2.28902442
  9.50   2.28745713
  9.60   2.28589545
  9.70   2.28433934
  9.80   2.28278881
  9.90   2.28124381
 10.00   2.27970434
 10.10   2.27817038
 10.20   2.27664190
 10.30   2.27511888
 10.40   2.27360131
 10.50   2.27208917
 10.60   2.27058243
 10.70   2.26908108
 10.80   2.26758510
 10.90   2.26609447
 11.00   2.26460917
 11.10   2.26312917
 11.20   2.26165447
 11.30   2.26018505
 11.40   2.25872087
 11.50   2.25726193
 11.60   2.25580821
 11.70   2.25435968
 11.80   2.25291634
 11.90   2.25147815
 12.00   2.25004511
 12.10   2.24861719
 12.20   2.24719438
 12.30   2.24577665
 12.40   2.24436399
 12.50   2.24295639
 12.60   2.24155381
 12.70   2.24015626
 12.80   2.23876369
 12.90   2.23737611
 13.00   2.23599349
 13.10   2.23461581
 13.20   2.23324306
 13.30   2.23187522
 13.40   2.23051226
 13.50   2.22915418
 13.60   2.22780096
 13.70   2.22645257
 13.80   2.22510901
 13.90   2.22377025
 14.00   2.22243628
 14.10   2.22110707
 14.20   2.21978262
 14.30   2.21846290
 14.40   2.21714791
 14.50   2.21583761
 14.60   2.21453200
 14.70   2.21323106
 14.80   2.21193476
 14.90   2.21064311
 15.00   2.20935607
 15.10   2.20807363
 15.20   2.20679578
 15.30   2.20552250
 15.40   2.20425377
 15.50   2.20298958
 15.60   2.20172990
 15.70   2.20047474
 15.80   2.19922405
 15.90   2.19797784
 16.00   2.19673609
 16.10   2.19549878
 16.20   2.19426589
 16.30   2.19303740
 16.40   2.19181332
 16.50   2.19059360
 16.60   2.18937825
 16.70   2.18816724
 16.80   2.18696057
 16.90   2.18575821
 17.00   2.18456014
 17.10   2.18336636
 17.20   2.18217685
 17.30   2.18099160
 17.40   2.17981058
 17.50   2.17863378
 17.60   2.17746119
 17.70   2.17629279
 17.80   2.17512857
 17.90   2.17396852
 18.00   2.17281261
 18.10   2.17166083
 18.20   2.17051317
 18.30   2.16936962
 18.40   2.16823015
 18.50   2.16709476
 18.60   2.16596343
 18.70   2.16483614
 18.80   2.16371289
 18.90   2.16259364
 19.00   2.16147841
 19.10   2.16036716
 19.20   2.15925988
 19.30   2.15815656
 19.40   2.15705719
 19.50   2.15596174
 19.60   2.15487022
 19.70   2.15378259
 19.80   2.15269886
 19.90   2.15161900
 20.00   2.15054300
 20.10   2.14947085
 20.20   2.14840253
 20.30   2.14733803
 20.40   2.14627734
 20.50   2.14522044
 20.60   2.14416732
 20.70   2.14311796
 20.80   2.14207236
 20.90   2.14103049
 21.00   2.13999235
 21.10   2.13895792
 21.20   2.13792719
 21.30   2.13690015
 21.40   2.13587678
 21.50   2.13485707
 21.60   2.13384100
 21.70   2.13282856
 21.80   2.13181975
 21.90   2.13081454
 22.00   2.12981293
 22.10   2.12881490
 22.20   2.12782043
 22.30   2.12682953
 22.40   2.12584216
 22.50   2.12485833
 22.60   2.12387801
 22.70   2.12290120
 22.80   2.12192788
 22.90   2.12095804
 23.00   2.11999167
 23.10   2.11902875
 23.20   2.11806928
 23.30   2.11711324
 23.40   2.11616061
 23.50   2.11521139
 23.60   2.11426557
 23.70   2.11332313
 23.80   2.11238405
 23.90   2.11144834
 24.00   2.11051597
 24.10   2.10958693
 24.20   2.10866122
 24.30   2.10773881
 24.40   2.10681971
 24.50   2.10590389
 24.60   2.10499134
 24.70   2.10408206
 24.80   2.10317603
 24.90   2.10227323
 25.00   2.10137367
 25.10   2.10047732
 25.20   2.09958418
 25.30   2.09869423
 25.40   2.09780746
 25.50   2.09692386
 25.60   2.09604343
 25.70   2.09516614
 25.80   2.09429198
 25.90   2.09342095
 26.00   2.09255304
 26.10   2.09168823
 26.20   2.09082651
 26.30   2.08996788
 26.40   2.08911231
 26.50   2.08825980
 26.60   2.08741034
 26.70   2.08656392
 26.80   2.08572052
 26.90   2.08488014
 27.00   2.08404277
 27.10   2.08320838
 27.20   2.08237699
 27.30   2.08154856
 27.40   2.08072310
 27.50   2.07990058
 27.60   2.07908101
 27.70   2.07826437
 27.80   2.07745065
 27.90   2.07663984
 28.00   2.07583192
 28.10   2.07502690
 28.20   2.07422475
 28.30   2.07342548
 28.40   2.07262906
 28.50   2.07183548
 28.60   2.07104475
 28.70   2.07025684
 28.80   2.06947175
 28.90   2.06868947
 29.00   2.06790998
 29.10   2.06713328
 29.20   2.06635936
 29.30   2.06558820
 29.40   2.06481981
 29.50   2.06405416
 29.60   2.06329124
 29.70   2.06253106
 29.80   2.06177359
 29.90   2.06101883
 30.00   2.06026677
 30.10   2.05951740
 30.20   2.05877071
 30.30   2.05802668
 30.40   2.05728532
 30.50   2.05654661
 30.60   2.05581054
 30.70   2.05507710
 30.80   2.05434629
 30.90   2.05361808
 31.00   2.05289248
 31.10   2.05216948
 31.20   2.05144906
 31.30   2.05073122
 31.40   2.05001594
 31.50   2.04930322
 31.60   2.04859305
 31.70   2.04788542
 31.80   2.04718031
 31.90   2.04647773
 32.00   2.04577766
 32.10   2.04508010
 32.20   2.04438502
 32.30   2.04369244
 32.40   2.04300233
 32.50   2.04231469
 32.60   2.04162950
 32.70   2.04094677
 32.80   2.04026647
 32.90   2.03958861
 33.00   2.03891318
 33.10   2.03824015
 33.20   2.03756954
 33.30   2.03690132
 33.40   2.03623549
 33.50   2.03557204
 33.60   2.03491097
 33.70   2.03425225
 33.80   2.03359590
 33.90   2.03294189
 34.00   2.03229021
 34.10   2.03164087
 34.20   2.03099385
 34.30   2.03034914
 34.40   2.02970674
 34.50   2.02906664
 34.60   2.02842882
 34.70   2.02779329
 34.80   2.02716002
 34.90   2.02652902
 35.00   2.02590028
 35.10   2.02527379
 35.20   2.02464953
 35.30   2.02402751
 35.40   2.02340771
 35.50   2.02279013
 35.60   2.02217475
 35.70   2.02156158
 35.80   2.02095060
 35.90   2.02034180
 36.00   2.01973518
 36.10   2.01913073
 36.20   2.01852844
 36.30   2.01792830
 36.40   2.01733031
 36.50   2.01673445
 36.60   2.01614073
 36.70   2.01554913
 36.80   2.01495965
 36.90   2.01437227
 37.00   2.01378699
 37.10   2.01320381
 37.20   2.01262271
 37.30   2.01204369
 37.40   2.01146674
 37.50   2.01089185
 37.60   2.01031902
 37.70   2.00974823
 37.80   2.00917949
 37.90   2.00861278
 38.00   2.00804809
 38.10   2.00748543
 38.20   2.00692478
 38.30   2.00636613
 38.40   2.00580948
 38.50   2.00525481
 38.60   2.00470214
 38.70   2.00415144
 38.80   2.00360270
 38.90   2.00305593
 39.00   2.00251112
 39.10   2.00196825
 39.20   2.00142732
 39.30   2.00088833
 39.40   2.00035126
 39.50   1.99981612
 39.60   1.99928289
 39.70   1.99875156
 39.80   1.99822214
 39.90   1.99769460
 40.00   1.99716896
 40.10   1.99664519
 40.20   1.99612330
 40.30   1.99560327
 40.40   1.99508510
 40.50   1.99456878
 40.60   1.99405431
 40.70   1.99354168
 40.80   1.99303089
 40.90   1.99252191
 41.00   1.99201476
 41.10   1.99150943
 41.20   1.99100589
 41.30   1.99050416
 41.40   1.99000423
 41.50   1.98950608
 41.60   1.98900971
 41.70   1.98851511
 41.80   1.98802229
 41.90   1.98753123
 42.00   1.98704192
 42.10   1.98655436
 42.20   1.98606855
 42.30   1.98558447
 42.40   1.98510212
 42.50   1.98462150
 42.60   1.98414260
 42.70   1.98366540
 42.80   1.98318992
 42.90   1.98271613
 43.00   1.98224404
 43.10   1.98177364
 43.20   1.98130492
 43.30   1.98083787
 43.40   1.98037250
 43.50   1.97990878
 43.60   1.97944673
 43.70   1.97898633
 43.80   1.97852757
 43.90   1.97807046
 44.00   1.97761498
 44.10   1.97716113
 44.20   1.97670890
 44.30   1.97625828
 44.40   1.97580928
 44.50   1.97536189
 44.60   1.97491609
 44.70   1.97447189
 44.80   1.97402927
 44.90   1.97358824
 45.00   1.97314879
 45.10   1.97271090
 45.20   1.97227459
 45.30   1.97183983
 45.40   1.97140663
 45.50   1.97097497
 45.60   1.97054486
 45.70   1.97011629
 45.80   1.96968925
 45.90   1.96926373
 46.00   1.96883974
 46.10   1.96841726
 46.20   1.96799630
 46.30   1.96757684
 46.40   1.96715888
 46.50   1.96674241
 46.60   1.96632743
 46.70   1.96591394
 46.80   1.96550192
 46.90   1.96509138
 47.00   1.96468231
 47.10   1.96427469
 47.20   1.96386854
 47.30   1.96346384
 47.40   1.96306058
 47.50   1.96265877
 47.60   1.96225839
 47.70   1.96185945
 47.80   1.96146193
 47.90   1.96106583
 48.00   1.96067115
 48.10   1.96027788
 48.20   1.95988602
 48.30   1.95949555
 48.40   1.95910649
 48.50   1.95871881
 48.60   1.95833252
 48.70   1.95794761
 48.80   1.95756408
 48.90   1.95718192
 49.00   1.95680113
 49.10   1.95642169
 49.20   1.95604362
 49.30   1.95566689
 49.40   1.95529152
 49.50   1.95491748
 49.60   1.95454478
 49.70   1.95417342
 49.80   1.95380338
 49.90   1.95343467
 50.00   1.95306727
 50.10   1.95270119
 50.20   1.95233641
 50.30   1.95197294
 50.40   1.95161077
 50.50   1.95124990
 50.60   1.95089031
 50.70   1.95053202
 50.80   1.95017500
 50.90   1.94981926
 51.00   1.94946479
 51.10   1.94911159
 51.20   1.94875965
 51.30   1.94840897
 51.40   1.94805954
 51.50   1.94771136
 51.60   1.94736443
 51.70   1.94701874
 51.80   1.94667428
 51.90   1.94633106
 52.00   1.94598906
 52.10   1.94564828
 52.20   1.94530873
 52.30   1.94497039
 52.40   1.94463325
 52.50   1.94429733
 52.60   1.94396260
 52.70   1.94362907
 52.80   1.94329674
 52.90   1.94296559
 53.00   1.94263562
 53.10   1.94230684
 53.20   1.94197923
 53.30   1.94165279
 53.40   1.94132752
 53.50   1.94100341
 53.60   1.94068047
 53.70   1.94035867
 53.80   1.94003803
 53.90   1.93971853
 54.00   1.93940018
 54.10   1.93908296
 54.20   1.93876688
 54.30   1.93845193
 54.40   1.93813810
 54.50   1.93782540
 54.60   1.93751381
 54.70   1.93720334
 54.80   1.93689398
 54.90   1.93658572
 55.00   1.93627857
 55.10   1.93597252
 55.20   1.93566755
 55.30   1.93536368
 55.40   1.93506090
 55.50   1.93475920
 55.60   1.93445858
 55.70   1.93415903
 55.80   1.93386055
 55.90   1.93356314
 56.00   1.93326680
 56.10   1.93297151
 56.20   1.93267728
 56.30   1.93238410
 56.40   1.93209197
 56.50   1.93180088
 56.60   1.93151084
 56.70   1.93122183
 56.80   1.93093386
 56.90   1.93064691
 57.00   1.93036099
 57.10   1.93007610
 57.20   1.92979222
 57.30   1.92950935
 57.40   1.92922750
 57.50   1.92894666
 57.60   1.92866682
 57.70   1.92838798
 57.80   1.92811014
 57.90   1.92783329
 58.00   1.92755743
 58.10   1.92728256
 58.20   1.92700867
 58.30   1.92673575
 58.40   1.92646382
 58.50   1.92619286
 58.60   1.92592286
 58.70   1.92565383
 58.80   1.92538577
 58.90   1.92511866
 59.00   1.92485251
 59.10   1.92458731
 59.20   1.92432305
 59.30   1.92405974
 59.40   1.92379738
 59.50   1.92353595
 59.60   1.92327545
 59.70   1.92301589
 59.80   1.92275726
 59.90   1.92249955
 60.00   1.92224276
 60.10   1.92198689
 60.20   1.92173193
 60.30   1.92147789
 60.40   1.92122475
 60.50   1.92097252
 60.60   1.92072119
 60.70   1.92047076
 60.80   1.92022123
 60.90   1.91997259
 61.00   1.91972483
 61.10   1.91947797
 61.20   1.91923198
 61.30   1.91898688
 61.40   1.91874265
 61.50   1.91849929
 61.60   1.91825680
 61.70   1.91801519
 61.80   1.91777443
 61.90   1.91753454
 62.00   1.91729550
 62.10   1.91705732
 62.20   1.91681999
 62.30   1.91658351
 62.40   1.91634787
 62.50   1.91611308
 62.60   1.91587912
 62.70   1.91564601
 62.80   1.91541372
 62.90   1.91518227
 63.00   1.91495164
 63.10   1.91472184
 63.20   1.91449286
 63.30   1.91426470
 63.40   1.91403736
 63.50   1.91381083
 63.60   1.91358510
 63.70   1.91336019
 63.80   1.91313608
 63.90   1.91291277
 64.00   1.91269026
 64.10   1.91246854
 64.20   1.91224762
 64.30   1.91202748
 64.40   1.91180814
 64.50   1.91158958
 64.60   1.91137180
 64.70   1.91115480
 64.80   1.91093857
 64.90   1.91072312
 65.00   1.91050843
 65.10   1.91029452
 65.20   1.91008137
 65.30   1.90986898
 65.40   1.90965735
 65.50   1.90944648
 65.60   1.90923637
 65.70   1.90902700
 65.80   1.90881838
 65.90   1.90861051
 66.00   1.90840338
 66.10   1.90819699
 66.20   1.90799134
 66.30   1.90778643
 66.40   1.90758225
 66.50   1.90737879
 66.60   1.90717607
 66.70   1.90697407
 66.80   1.90677279
 66.90   1.90657223
 67.00   1.90637239
 67.10   1.90617327
 67.20   1.90597485
 67.30   1.90577715
 67.40   1.90558015
 67.50   1.90538385
 67.60   1.90518826
 67.70   1.90499337
 67.80   1.90479917
 67.90   1.90460567
 68.00   1.90441286
 68.10   1.90422074
 68.20   1.90402931
 68.30   1.90383856
 68.40   1.90364850
 68.50   1.90345911
 68.60   1.90327040
 68.70   1.90308236
 68.80   1.90289500
 68.90   1.90270831
 69.00   1.90252228
 69.10   1.90233692
 69.20   1.90215222
 69.30   1.90196819
 69.40   1.90178481
 69.50   1.90160208
 69.60   1.90142001
 69.70   1.90123859
 69.80   1.90105782
 69.90   1.90087770
 70.00   1.90069822
 70.10   1.90051938
 70.20   1.90034118
 70.30   1.90016362
 70.40   1.89998669
 70.50   1.89981040
 70.60   1.89963473
 70.70   1.89945970
 70.80   1.89928529
 70.90   1.89911150
 71.00   1.89893834
 71.10   1.89876579
 71.20   1.89859386
 71.30   1.89842255
 71.40   1.89825184
 71.50   1.89808175
 71.60   1.89791227
 71.70   1.89774339
 71.80   1.89757512
 71.90   1.89740745
 72.00   1.89724037
 72.10   1.89707390
 72.20   1.89690802
 72.30   1.89674273
 72.40   1.89657804
 72.50   1.89641393
 72.60   1.89625041
 72.70   1.89608747
 72.80   1.89592512
 72.90   1.89576335
 73.00   1.89560215
 73.10   1.89544154
 73.20   1.89528149
 73.30   1.89512202
 73.40   1.89496312
 73.50   1.89480479
 73.60   1.89464702
 73.70   1.89448982
 73.80   1.89433318
 73.90   1.89417710
 74.00   1.89402158
 74.10   1.89386661
 74.20   1.89371220
 74.30   1.89355834
 74.40   1.89340503
 74.50   1.89325226
 74.60   1.89310005
 74.70   1.89294838
 74.80   1.89279725
 74.90   1.89264666
 75.00   1.89249661
 75.10   1.89234710
 75.20   1.89219812
 75.30   1.89204967
 75.40   1.89190175
 75.50   1.89175437
 75.60   1.89160751
 75.70   1.89146117
 75.80   1.89131536
 75.90   1.89117007
 76.00   1.89102530
 76.10   1.89088105
 76.20   1.89073731
 76.30   1.89059408
 76.40   1.89045137
 76.50   1.89030917
 76.60   1.89016748
 76.70   1.89002629
 76.80   1.88988561
 76.90   1.88974543
 77.00   1.88960576
 77.10   1.88946658
 77.20   1.88932790
 77.30   1.88918971
 77.40   1.88905202
 77.50   1.88891483
 77.60   1.88877812
 77.70   1.88864190
 77.80   1.88850617
 77.90   1.88837092
 78.00   1.88823616
 78.10   1.88810188
 78.20   1.88796808
 78.30   1.88783476
 78.40   1.88770191
 78.50   1.88756954
 78.60   1.88743764
 78.70   1.88730622
 78.80   1.88717526
 78.90   1.88704477
 79.00   1.88691475
 79.10   1.88678520
 79.20   1.88665610
 79.30   1.88652747
 79.40   1.88639930
 79.50   1.88627159
 79.60   1.88614433
 79.70   1.88601753
 79.80   1.88589118
 79.90   1.88576528
 80.00   1.88563984
 80.10   1.88551484
 80.20   1.88539029
 80.30   1.88526618
 80.40   1.88514252
 80.50   1.88501930
 80.60   1.88489652
 80.70   1.88477418
 80.80   1.88465228
 80.90   1.88453081
 81.00   1.88440978
 81.10   1.88428918
 81.20   1.88416901
 81.30   1.88404928
 81.40   1.88392996
 81.50   1.88381108
 81.60   1.88369262
 81.70   1.88357459
 81.80   1.88345697
 81.90   1.88333978
 82.00   1.88322301
 82.10   1.88310665
 82.20   1.88299071
 82.30   1.88287518
 82.40   1.88276007
 82.50   1.88264537
 82.60   1.88253108
 82.70   1.88241720
 82.80   1.88230372
 82.90   1.88219065
 83.00   1.88207799
 83.10   1.88196572
 83.20   1.88185386
 83.30   1.88174240
 83.40   1.88163134
 83.50   1.88152067
 83.60   1.88141040
 83.70   1.88130053
 83.80   1.88119105
 83.90   1.88108195
 84.00   1.88097325
 84.10   1.88086494
 84.20   1.88075701
 84.30   1.88064948
 84.40   1.88054232
 84.50   1.88043555
 84.60   1.88032916
 84.70   1.88022315
 84.80   1.88011752
 84.90   1.88001227
 85.00   1.87990739
 85.10   1.87980289
 85.20   1.87969876
 85.30   1.87959500
 85.40   1.87949162
 85.50   1.87938861
 85.60   1.87928596
 85.70   1.87918368
 85.80   1.87908176
 85.90   1.87898022
 86.00   1.87887903
 86.10   1.87877820
 86.20   1.87867774
 86.30   1.87857764
 86.40   1.87847789
 86.50   1.87837850
 86.60   1.87827946
 86.70   1.87818078
 86.80   1.87808245
 86.90   1.87798448
 87.00   1.87788685
 87.10   1.87778957
 87.20   1.87769264
 87.30   1.87759606
 87.40   1.87749982
 87.50   1.87740393
 87.60   1.87730838
 87.70   1.87721317
 87.80   1.87711830
 87.90   1.87702377
 88.00   1.87692958
 88.10   1.87683573
 88.20   1.87674221
 88.30   1.87664902
 88.40   1.87655617
 88.50   1.87646365
 88.60   1.87637147
 88.70   1.87627961
 88.80   1.87618808
 88.90   1.87609687
 89.00   1.87600600
 89.10   1.87591544
 89.20   1.87582522
 89.30   1.87573531
 89.40   1.87564572
 89.50   1.87555646
 89.60   1.87546752
 89.70   1.87537889
 89.80   1.87529058
 89.90   1.87520258
 90.00   1.87511490
 90.10   1.87502754
 90.20   1.87494049
 90.30   1.87485374
 90.40   1.87476731
 90.50   1.87468119
 90.60   1.87459537
 90.70   1.87450986
 90.80   1.87442466
 90.90   1.87433976
 91.00   1.87425517
 91.10   1.87417087
 91.20   1.87408688
 91.30   1.87400319
 91.40   1.87391980
 91.50   1.87383671
 91.60   1.87375391
 91.70   1.87367141
 91.80   1.87358921
 91.90   1.87350730
 92.00   1.87342568
 92.10   1.87334435
 92.20   1.87326332
 92.30   1.87318257
 92.40   1.87310211
 92.50   1.87302194
 92.60   1.87294206
 92.70   1.87286246
 92.80   1.87278315
 92.90   1.87270412
 93.00   1.87262538
 93.10   1.87254691
 93.20   1.87246873
 93.30   1.87239082
 93.40   1.87231320
 93.50   1.87223585
 93.60   1.87215878
 93.70   1.87208198
 93.80   1.87200546
 93.90   1.87192921
 94.00   1.87185323
 94.10   1.87177753
 94.20   1.87170209
 94.30   1.87162693
 94.40   1.87155204
 94.50   1.87147741
 94.60   1.87140305
 94.70   1.87132895
 94.80   1.87125512
 94.90   1.87118156
 95.00   1.87110826
 95.10   1.87103522
 95.20   1.87096244
 95.30   1.87088992
 95.40   1.87081766
 95.50   1.87074566
 95.60   1.87067391
 95.70   1.87060242
 95.80   1.87053119
 95.90   1.87046021
 96.00   1.87038949
 96.10   1.87031902
 96.20   1.87024880
 96.30   1.87017883
 96.40   1.87010912
 96.50   1.87003965
 96.60   1.86997043
 96.70   1.86990146
 96.80   1.86983273
 96.90   1.86976425
 97.00   1.86969602
 97.10   1.86962803
 97.20   1.86956028
 97.30   1.86949277
 97.40   1.86942551
 97.50   1.86935848
 97.60   1.86929170
 97.70   1.86922515
 97.80   1.86915885
 97.90   1.86909278
 98.00   1.86902694
 98.10   1.86896134
 98.20   1.86889598
 98.30   1.86883085
 98.40   1.86876595
 98.50   1.86870128
 98.60   1.86863685
 98.70   1.86857265
 98.80   1.86850867
 98.90   1.86844493
 99.00   1.86838141
 99.10   1.86831812
 99.20   1.86825505
 99.30   1.86819221
 99.40   1.86812960
 99.50   1.86806721
 99.60   1.86800504
 99.70   1.86794310
 99.80   1.86788137
 99.90   1.86781987
100.00   1.86775859
100.10   1.86769752
100.20   1.86763668
100.30   1.86757605
100.40   1.86751564
100.50   1.86745544
100.60   1.86739546
100.70   1.86733570
100.80   1.86727615
100.90   1.86721681
101.00   1.86715768
101.10   1.86709876
101.20   1.86704006
101.30   1.86698157
101.40   1.86692328
101.50   1.86686520
101.60   1.86680733
101.70   1.86674967
101.80   1.86669221
101.90   1.86663496
102.00   1.86657792
102.10   1.86652107
102.20   1.86646443
102.30   1.86640800
102.40   1.86635176
102.50   1.86629573
102.60   1.86623990
102.70   1.86618426
102.80   1.86612883
102.90   1.86607359
103.00   1.86601855
103.10   1.86596371
103.20   1.86590906
103.30   1.86585461
103.40   1.86580035
103.50   1.86574629
103.60   1.86569242
103.70   1.86563875
103.80   1.86558526
103.90   1.86553197
104.00   1.86547887
104.10   1.86542595
104.20   1.86537323
104.30   1.86532070
104.40   1.86526835
104.50   1.86521619
104.60   1.86516421
104.70   1.86511243
104.80   1.86506082
104.90   1.86500941
105.00   1.86495817
105.10   1.86490712
105.20   1.86485625
105.30   1.86480556
105.40   1.86475506
105.50   1.86470473
105.60   1.86465459
105.70   1.86460462
105.80   1.86455484
105.90   1.86450523
106.00   1.86445580
106.10   1.86440654
106.20   1.86435746
106.30   1.86430856
106.40   1.86425983
106.50   1.86421128
106.60   1.86416290
106.70   1.86411469
106.80   1.86406665
106.90   1.86401879
107.00   1.86397110
107.10   1.86392358
107.20   1.86387622
107.30   1.86382904
107.40   1.86378203
107.50   1.86373518
107.60   1.86368850
107.70   1.86364199
107.80   1.86359565
107.90   1.86354947
108.00   1.86350345
108.10   1.86345760
108.20   1.86341192
108.30   1.86336639
108.40   1.86332104
108.50   1.86327584
108.60   1.86323080
108.70   1.86318593
108.80   1.86314121
108.90   1.86309666
109.00   1.86305226
109.10   1.86300803
109.20   1.86296395
109.30   1.86292003
109.40   1.86287626
109.50   1.86283266
109.60   1.86278920
109.70   1.86274591
109.80   1.86270277
109.90   1.86265978
110.00   1.86261695
110.10   1.86257427
110.20   1.86253174
110.30   1.86248936
110.40   1.86244714
110.50   1.86240507
110.60   1.86236314
110.70   1.86232137
110.80   1.86227975
110.90   1.86223827
111.00   1.86219695
111.10   1.86215577
111.20   1.86211474
111.30   1.86207385
111.40   1.86203312
111.50   1.86199252
111.60   1.86195207
111.70   1.86191177
111.80   1.86187161
111.90   1.86183160
112.00   1.86179173
112.10   1.86175200
112.20   1.86171241
112.30   1.86167296
112.40   1.86163366
112.50   1.86159449
112.60   1.86155547
112.70   1.86151658
112.80   1.86147784
112.90   1.86143923
113.00   1.86140076
113.10   1.86136243
113.20   1.86132424
113.30   1.86128618
113.40   1.86124826
113.50   1.86121047
113.60   1.86117282
113.70   1.86113530
113.80   1.86109792
113.90   1.86106067
114.00   1.86102355
114.10   1.86098657
114.20   1.86094972
114.30   1.86091300
114.40   1.86087641
114.50   1.86083996
114.60   1.86080363
114.70   1.86076743
114.80   1.86073137
114.90   1.86069543
115.00   1.86065962
115.10   1.86062394
115.20   1.86058838
115.30   1.86055296
115.40   1.86051765
115.50   1.86048248
115.60   1.86044743
115.70   1.86041251
115.80   1.86037771
115.90   1.86034304
116.00   1.86030849
116.10   1.86027406
116.20   1.86023976
116.30   1.86020558
116.40   1.86017152
116.50   1.86013758
116.60   1.86010377
116.70   1.86007007
116.80   1.86003650
116.90   1.86000305
117.00   1.85996971
117.10   1.85993650
117.20   1.85990340
117.30   1.85987042
117.40   1.85983756
117.50   1.85980482
117.60   1.85977219
117.70   1.85973968
117.80   1.85970729
117.90   1.85967502
118.00   1.85964285
118.10   1.85961081
118.20   1.85957888
118.30   1.85954706
118.40   1.85951535
118.50   1.85948376
118.60   1.85945229
118.70   1.85942092
118.80   1.85938967
118.90   1.85935853
119.00   1.85932750
119.10   1.85929658
119.20   1.85926577
119.30   1.85923507
119.40   1.85920448
119.50   1.85917401
119.60   1.85914364
119.70   1.85911337
119.80   1.85908322
119.90   1.85905318
120.00   1.85902324
120.10   1.85899341
120.20   1.85896368
120.30   1.85893406
120.40   1.85890455
120.50   1.85887515
120.60   1.85884584
120.70   1.85881665
120.80   1.85878756
120.90   1.85875857
121.00   1.85872968
121.10   1.85870090
121.20   1.85867222
121.30   1.85864365
121.40   1.85861517
121.50   1.85858680
121.60   1.85855853
121.70   1.85853036
121.80   1.85850229
121.90   1.85847432
122.00   1.85844646
122.10   1.85841869
122.20   1.85839102
122.30   1.85836345
122.40   1.85833598
122.50   1.85830860
122.60   1.85828133
122.70   1.85825415
122.80   1.85822707
122.90   1.85820008
123.00   1.85817319
123.10   1.85814640
123.20   1.85811971
123.30   1.85809311
123.40   1.85806660
123.50   1.85804019
123.60   1.85801388
123.70   1.85798765
123.80   1.85796152
123.90   1.85793549
124.00   1.85790955
124.10   1.85788370
124.20   1.85785794
124.30   1.85783228
124.40   1.85780671
124.50   1.85778122
124.60   1.85775583
124.70   1.85773053
124.80   1.85770533
124.90   1.85768021
125.00   1.85765518
125.10   1.85763024
125.20   1.85760539
125.30   1.85758063
125.40   1.85755595
125.50   1.85753137
125.60   1.85750687
125.70   1.85748246
125.80   1.85745814
125.90   1.85743391
126.00   1.85740976
126.10   1.85738570
126.20   1.85736172
126.30   1.85733783
126.40   1.85731403
126.50   1.85729031
126.60   1.85726667
126.70   1.85724312
126.80   1.85721965
126.90   1.85719627
127.00   1.85717297
127.10   1.85714976
127.20   1.85712663
127.30   1.85710358
127.40   1.85708061
127.50   1.85705772
127.60   1.85703492
127.70   1.85701220
127.80   1.85698956
127.90   1.85696700
128.00   1.85694452
128.10   1.85692212
128.20   1.85689980
128.30   1.85687756
128.40   1.85685540
128.50   1.85683332
128.60   1.85681132
128.70   1.85678940
128.80   1.85676756
128.90   1.85674579
129.00   1.85672410
129.10   1.85670249
129.20   1.85668096
129.30   1.85665950
129.40   1.85663812
129.50   1.85661682
129.60   1.85659559
129.70   1.85657444
129.80   1.85655337
129.90   1.85653237
130.00   1.85651144
130.10   1.85649059
130.20   1.85646982
130.30   1.85644912
130.40   1.85642849
130.50   1.85640794
130.60   1.85638746
130.70   1.85636705
130.80   1.85634671
130.90   1.85632645
131.00   1.85630626
131.10   1.85628615
131.20   1.85626610
131.30   1.85624613
131.40   1.85622623
131.50   1.85620640
131.60   1.85618664
131.70   1.85616695
131.80   1.85614733
131.90   1.85612778
132.00   1.85610831
132.10   1.85608890
132.20   1.85606956
132.30   1.85605029
132.40   1.85603109
132.50   1.85601195
132.60   1.85599289
132.70   1.85597389
132.80   1.85595497
132.90   1.85593611
133.00   1.85591731
133.10   1.85589859
133.20   1.85587993
133.30   1.85586134
133.40   1.85584281
133.50   1.85582435
133.60   1.85580596
133.70   1.85578763
133.80   1.85576937
133.90   1.85575117
134.00   1.85573304
134.10   1.85571497
134.20   1.85569697
134.30   1.85567903
134.40   1.85566116
134.50   1.85564335
134.60   1.85562560
134.70   1.85560792
134.80   1.85559030
134.90   1.85557274
135.00   1.85555525
135.10   1.85553782
135.20   1.85552045
135.30   1.85550314
135.40   1.85548590
135.50   1.85546871
135.60   1.85545159
135.70   1.85543453
135.80   1.85541753
135.90   1.85540059
136.00   1.85538371
136.10   1.85536690
136.20   1.85535014
136.30   1.85533344
136.40   1.85531680
136.50   1.85530022
136.60   1.85528370
136.70   1.85526724
136.80   1.85525084
136.90   1.85523450
137.00   1.85521821
137.10   1.85520199
137.20   1.85518582
137.30   1.85516971
137.40   1.85515366
137.50   1.85513766
137.60   1.85512172
137.70   1.85510584
137.80   1.85509002
137.90   1.85507425
138.00   1.85505854
138.10   1.85504288
138.20   1.85502728
138.30   1.85501174
138.40   1.85499625
138.50   1.85498082
138.60   1.85496544
138.70   1.85495012
138.80   1.85493485
138.90   1.85491964
139.00   1.85490448
139.10   1.85488938
139.20   1.85487433
139.30   1.85485933
139.40   1.85484439
139.50   1.85482950
139.60   1.85481466
139.70   1.85479988
139.80   1.85478515
139.90   1.85477047
140.00   1.85475584
140.10   1.85474127
140.20   1.85472675
140.30   1.85471228
140.40   1.85469786
140.50   1.85468350
140.60   1.85466918
140.70   1.85465492
140.80   1.85464071
140.90   1.85462655
141.00   1.85461244
141.10   1.85459838
141.20   1.85458437
141.30   1.85457041
141.40   1.85455650
141.50   1.85454264
141.60   1.85452882
141.70   1.85451506
141.80   1.85450135
141.90   1.85448769
142.00   1.85447407
142.10   1.85446051
142.20   1.85444699
142.30   1.85443352
142.40   1.85442010
142.50   1.85440673
142.60   1.85439340
142.70   1.85438013
142.80   1.85436690
142.90   1.85435372
143.00   1.85434058
143.10   1.85432749
143.20   1.85431445
143.30   1.85430146
143.40   1.85428851
143.50   1.85427561
143.60   1.85426275
143.70   1.85424994
143.80   1.85423717
143.90   1.85422446
144.00   1.85421178
144.10   1.85419916
144.20   1.85418657
144.30   1.85417404
144.40   1.85416154
144.50   1.85414909
144.60   1.85413669
144.70   1.85412433
144.80   1.85411202
144.90   1.85409975
145.00   1.85408752
145.10   1.85407533
145.20   1.85406320
145.30   1.85405110
145.40   1.85403905
145.50   1.85402704
145.60   1.85401507
145.70   1.85400314
145.80   1.85399126
145.90   1.85397942
146.00   1.85396763
146.10   1.85395587
146.20   1.85394416
146.30   1.85393249
146.40   1.85392086
146.50   1.85390927
146.60   1.85389772
146.70   1.85388622
146.80   1.85387476
146.90   1.85386333
147.00   1.85385195
147.10   1.85384061
147.20   1.85382931
147.30   1.85381805
147.40   1.85380683
147.50   1.85379565
147.60   1.85378451
147.70   1.85377341
147.80   1.85376235
147.90   1.85375133
148.00   1.85374035
148.10   1.85372940
148.20   1.85371850
148.30   1.85370764
148.40   1.85369681
148.50   1.85368603
148.60   1.85367528
148.70   1.85366457
148.80   1.85365390
148.90   1.85364326
149.00   1.85363267
149.10   1.85362211
149.20   1.85361159
149.30   1.85360111
149.40   1.85359067
149.50   1.85358026
149.60   1.85356989
149.70   1.85355956
149.80   1.85354926
149.90   1.85353900
150.00   1.85352878
150.10   1.85351859
150.20   1.85350845
150.30   1.85349833
150.40   1.85348826
150.50   1.85347821
150.60   1.85346821
150.70   1.85345824
150.80   1.85344831
150.90   1.85343841
151.00   1.85342855
151.10   1.85341872
151.20   1.85340893
151.30   1.85339917
151.40   1.85338945
151.50   1.85337976
151.60   1.85337011
151.70   1.85336049
151.80   1.85335090
151.90   1.85334136
152.00   1.85333184
152.10   1.85332236
152.20   1.85331291
152.30   1.85330350
152.40   1.85329412
152.50   1.85328477
152.60   1.85327546
152.70   1.85326618
152.80   1.85325693
152.90   1.85324772
153.00   1.85323854
153.10   1.85322939
153.20   1.85322027
153.30   1.85321119
153.40   1.85320214
153.50   1.85319312
153.60   1.85318414
153.70   1.85317518
153.80   1.85316626
153.90   1.85315737
154.00   1.85314851
154.10   1.85313969
154.20   1.85313089
154.30   1.85312213
154.40   1.85311340
154.50   1.85310470
154.60   1.85309603
154.70   1.85308739
154.80   1.85307878
154.90   1.85307021
155.00   1.85306166
155.10   1.85305314
155.20   1.85304466
155.30   1.85303620
155.40   1.85302778
155.50   1.85301939
155.60   1.85301102
155.70   1.85300269
155.80   1.85299438
155.90   1.85298611
156.00   1.85297786
156.10   1.85296965
156.20   1.85296146
156.30   1.85295330
156.40   1.85294517
156.50   1.85293707
156.60   1.85292900
156.70   1.85292096
156.80   1.85291295
156.90   1.85290497
157.00   1.85289701
157.10   1.85288909
157.20   1.85288119
157.30   1.85287332
157.40   1.85286547
157.50   1.85285766
157.60   1.85284987
157.70   1.85284212
157.80   1.85283439
157.90   1.85282668
158.00   1.85281901
158.10   1.85281136
158.20   1.85280374
158.30   1.85279614
158.40   1.85278858
158.50   1.85278104
158.60   1.85277353
158.70   1.85276604
158.80   1.85275858
158.90   1.85275115
159.00   1.85274375
159.10   1.85273637
159.20   1.85272902
159.30   1.85272169
159.40   1.85271439
159.50   1.85270712
159.60   1.85269987
159.70   1.85269265
159.80   1.85268545
159.90   1.85267828
160.00   1.85267113
160.10   1.85266401
160.20   1.85265692
160.30   1.85264985
160.40   1.85264281
160.50   1.85263579
160.60   1.85262880
160.70   1.85262183
160.80   1.85261489
160.90   1.85260797
161.00   1.85260108
161.10   1.85259421
161.20   1.85258736
161.30   1.85258054
161.40   1.85257375
161.50   1.85256698
161.60   1.85256023
161.70   1.85255351
161.80   1.85254681
161.90   1.85254013
162.00   1.85253348
162.10   1.85252686
162.20   1.85252025
162.30   1.85251367
162.40   1.85250712
162.50   1.85250058
162.60   1.85249408
162.70   1.85248759
162.80   1.85248113
162.90   1.85247469
163.00   1.85246827
163.10   1.85246188
163.20   1.85245550
163.30   1.85244916
163.40   1.85244283
163.50   1.85243653
163.60   1.85243025
163.70   1.85242399
163.80   1.85241775
163.90   1.85241154
164.00   1.85240535
164.10   1.85239918
164.20   1.85239303
164.30   1.85238691
164.40   1.85238081
164.50   1.85237472
164.60   1.85236867
164.70   1.85236263
164.80   1.85235661
164.90   1.85235062
165.00   1.85234464
165.10   1.85233869
165.20   1.85233276
165.30   1.85232685
165.40   1.85232096
165.50   1.85231510
165.60   1.85230925
165.70   1.85230342
165.80   1.85229762
165.90   1.85229184
166.00   1.85228607
166.10   1.85228033
166.20   1.85227461
166.30   1.85226891
166.40   1.85226323
166.50   1.85225757
166.60   1.85225193
166.70   1.85224630
166.80   1.85224070
166.90   1.85223512
167.00   1.85222956
167.10   1.85222402
167.20   1.85221850
167.30   1.85221300
167.40   1.85220752
167.50   1.85220206
167.60   1.85219662
167.70   1.85219119
167.80   1.85218579
167.90   1.85218041
168.00   1.85217504
168.10   1.85216970
168.20   1.85216437
168.30   1.85215906
168.40   1.85215378
168.50   1.85214851
168.60   1.85214326
168.70   1.85213802
168.80   1.85213281
168.90   1.85212762
169.00   1.85212244
169.10   1.85211728
169.20   1.85211214
169.30   1.85210702
169.40   1.85210192
169.50   1.85209684
169.60   1.85209177
169.70   1.85208672
169.80   1.85208169
169.90   1.85207668
170.00   1.85207169
170.10   1.85206671
170.20   1.85206175
170.30   1.85205681
170.40   1.85205189
170.50   1.85204699
170.60   1.85204210
170.70   1.85203723
170.80   1.85203238
170.90   1.85202754
171.00   1.85202272
171.10   1.85201792
171.20   1.85201314
171.30   1.85200837
171.40   1.85200362
171.50   1.85199889
171.60   1.85199417
171.70   1.85198947
171.80   1.85198479
171.90   1.85198013
172.00   1.85197548
172.10   1.85197085
172.20   1.85196623
172.30   1.85196163
172.40   1.85195705
172.50   1.85195248
172.60   1.85194793
172.70   1.85194340
172.80   1.85193888
172.90   1.85193438
173.00   1.85192990
173.10   1.85192543
173.20   1.85192098
173.30   1.85191654
173.40   1.85191212
173.50   1.85190771
173.60   1.85190332
173.70   1.85189895
173.80   1.85189459
173.90   1.85189025
174.00   1.85188592
174.10   1.85188161
174.20   1.85187731
174.30   1.85187303
174.40   1.85186877
174.50   1.85186452
174.60   1.85186028
174.70   1.85185606
174.80   1.85185186
174.90   1.85184767
175.00   1.85184349
175.10   1.85183933
175.20   1.85183519
175.30   1.85183106
175.40   1.85182694
175.50   1.85182284
175.60   1.85181875
175.70   1.85181468
175.80   1.85181062
175.90   1.85180658
176.00   1.85180255
176.10   1.85179854
176.20   1.85179454
176.30   1.85179056
176.40   1.85178658
176.50   1.85178263
176.60   1.85177869
176.70   1.85177476
176.80   1.85177084
176.90   1.85176694
177.00   1.85176306
177.10   1.85175918
177.20   1.85175533
177.30   1.85175148
177.40   1.85174765
177.50   1.85174383
177.60   1.85174003
177.70   1.85173624
177.80   1.85173246
177.90   1.85172870
178.00   1.85172495
178.10   1.85172121
178.20   1.85171749
178.30   1.85171378
178.40   1.85171008
178.50   1.85170640
178.60   1.85170273
178.70   1.85169908
178.80   1.85169543
178.90   1.85169180
179.00   1.85168818
179.10   1.85168458
179.20   1.85168099
179.30   1.85167741
179.40   1.85167384
179.50   1.85167029
179.60   1.85166675
179.70   1.85166322
179.80   1.85165970
179.90   1.85165620
180.00   1.85165271
180.10   1.85164923
180.20   1.85164577
180.30   1.85164231
180.40   1.85163887
180.50   1.85163545
180.60   1.85163203
180.70   1.85162863
180.80   1.85162523
180.90   1.85162185
181.00   1.85161849
181.10   1.85161513
181.20   1.85161179
181.30   1.85160846
181.40   1.85160514
181.50   1.85160183
181.60   1.85159853
181.70   1.85159525
181.80   1.85159198
181.90   1.85158871
182.00   1.85158547
182.10   1.85158223
182.20   1.85157900
182.30   1.85157579
182.40   1.85157259
182.50   1.85156939
182.60   1.85156621
182.70   1.85156305
182.80   1.85155989
182.90   1.85155674
183.00   1.85155361
183.10   1.85155048
183.20   1.85154737
183.30   1.85154427
183.40   1.85154118
183.50   1.85153810
183.60   1.85153503
183.70   1.85153198
183.80   1.85152893
183.90   1.85152589
184.00   1.85152287
184.10   1.85151986
184.20   1.85151685
184.30   1.85151386
184.40   1.85151088
184.50   1.85150791
184.60   1.85150495
184.70   1.85150200
184.80   1.85149906
184.90   1.85149613
185.00   1.85149321
185.10   1.85149031
185.20   1.85148741
185.30   1.85148452
185.40   1.85148165
185.50   1.85147878
185.60   1.85147592
185.70   1.85147308
185.80   1.85147024
185.90   1.85146742
186.00   1.85146460
186.10   1.85146180
186.20   1.85145900
186.30   1.85145621
186.40   1.85145344
186.50   1.85145067
186.60   1.85144792
186.70   1.85144517
186.80   1.85144244
186.90   1.85143971
187.00   1.85143699
187.10   1.85143429
187.20   1.85143159
187.30   1.85142890
187.40   1.85142623
187.50   1.85142356
187.60   1.85142090
187.70   1.85141825
187.80   1.85141561
187.90   1.85141298
188.00   1.85141036
188.10   1.85140775
188.20   1.85140515
188.30   1.85140255
188.40   1.85139997
188.50   1.85139740
188.60   1.85139483
188.70   1.85139228
188.80   1.85138973
188.90   1.85138719
189.00   1.85138466
189.10   1.85138214
189.20   1.85137963
189.30   1.85137713
189.40   1.85137464
189.50   1.85137215
189.60   1.85136968
189.70   1.85136721
189.80   1.85136476
189.90   1.85136231
190.00   1.85135987
190.10   1.85135744
190.20   1.85135502
190.30   1.85135260
190.40   1.85135020
190.50   1.85134780
190.60   1.85134541
190.70   1.85134303
190.80   1.85134066
190.90   1.85133830
191.00   1.85133595
191.10   1.85133360
191.20   1.85133127
191.30   1.85132894
191.40   1.85132662
191.50   1.85132431
191.60   1.85132200
191.70   1.85131971
191.80   1.85131742
191.90   1.85131514
192.00   1.85131287
192.10   1.85131061
192.20   1.85130835
192.30   1.85130610
192.40   1.85130387
192.50   1.85130164
192.60   1.85129941
192.70   1.85129720
192.80   1.85129499
192.90   1.85129279
193.00   1.85129060
193.10   1.85128842
193.20   1.85128624
193.30   1.85128408
193.40   1.85128192
193.50   1.85127976
193.60   1.85127762
193.70   1.85127548
193.80   1.85127335
193.90   1.85127123
194.00   1.85126912
194.10   1.85126701
194.20   1.85126491
194.30   1.85126282
194.40   1.85126074
194.50   1.85125866
194.60   1.85125659
194.70   1.85125453
194.80   1.85125248
194.90   1.85125043
195.00   1.85124839
195.10   1.85124636
195.20   1.85124433
195.30   1.85124231
195.40   1.85124030
195.50   1.85123830
195.60   1.85123630
195.70   1.85123432
195.80   1.85123233
195.90   1.85123036
196.00   1.85122839
196.10   1.85122643
196.20   1.85122448
196.30   1.85122253
196.40   1.85122059
196.50   1.85121866
196.60   1.85121673
196.70   1.85121481
196.80   1.85121290
196.90   1.85121099
197.00   1.85120910
197.10   1.85120720
197.20   1.85120532
197.30   1.85120344
197.40   1.85120157
197.50   1.85119970
197.60   1.85119785
197.70   1.85119599
197.80   1.85119415
197.90   1.85119231
198.00   1.85119048
198.10   1.85118865
198.20   1.85118684
198.30   1.85118502
198.40   1.85118322
198.50   1.85118142
198.60   1.85117963
198.70   1.85117784
198.80   1.85117606
198.90   1.85117429
199.00   1.85117252
199.10   1.85117076
199.20   1.85116900
199.30   1.85116725
199.40   1.85116551
199.50   1.85116378
199.60   1.85116205
199.70   1.85116032
199.80   1.85115861
199.90   1.85115689
200.00   1.85115519
200.10   1.85115349
200.20   1.85115180
200.30   1.85115011
200.40   1.85114843
200.50   1.85114676
200.60   1.85114509
200.70   1.85114342
200.80   1.85114177
200.90   1.85114012
201.00   1.85113847
201.10   1.85113683
201.20   1.85113520
201.30   1.85113357
201.40   1.85113195
201.50   1.85113033
201.60   1.85112872
201.70   1.85112712
201.80   1.85112552
201.90   1.85112393
202.00   1.85112234
202.10   1.85112076
202.20   1.85111918
202.30   1.85111761
202.40   1.85111605
202.50   1.85111449
202.60   1.85111293
202.70   1.85111139
202.80   1.85110984
202.90   1.85110831
203.00   1.85110678
203.10   1.85110525
203.20   1.85110373
203.30   1.85110221
203.40   1.85110070
203.50   1.85109920
203.60   1.85109770
203.70   1.85109621
203.80   1.85109472
203.90   1.85109324
204.00   1.85109176
204.10   1.85109029
204.20   1.85108882
204.30   1.85108736
204.40   1.85108590
204.50   1.85108445
204.60   1.85108300
204.70   1.85108156
204.80   1.85108013
204.90   1.85107870
205.00   1.85107727
205.10   1.85107585
205.20   1.85107444
205.30   1.85107303
205.40   1.85107162
205.50   1.85107022
205.60   1.85106883
205.70   1.85106743
205.80   1.85106605
205.90   1.85106467
206.00   1.85106329
206.10   1.85106192
206.20   1.85106056
206.30   1.85105920
206.40   1.85105784
206.50   1.85105649
206.60   1.85105514
206.70   1.85105380
206.80   1.85105247
206.90   1.85105113
207.00   1.85104981
207.10   1.85104849
207.20   1.85104717
207.30   1.85104586
207.40   1.85104455
207.50   1.85104324
207.60   1.85104195
207.70   1.85104065
207.80   1.85103936
207.90   1.85103808
208.00   1.85103680
208.10   1.85103552
208.20   1.85103425
208.30   1.85103298
208.40   1.85103172
208.50   1.85103046
208.60   1.85102921
208.70   1.85102796
208.80   1.85102672
208.90   1.85102548
209.00   1.85102424
209.10   1.85102301
209.20   1.85102179
209.30   1.85102056
209.40   1.85101935
209.50   1.85101813
209.60   1.85101692
209.70   1.85101572
209.80   1.85101452
209.90   1.85101332
210.00   1.85101213
210.10   1.85101094
210.20   1.85100976
210.30   1.85100858
210.40   1.85100741
210.50   1.85100624
210.60   1.85100507
210.70   1.85100391
210.80   1.85100275
210.90   1.85100159
211.00   1.85100044
211.10   1.85099930
211.20   1.85099816
211.30   1.85099702
211.40   1.85099589
211.50   1.85099476
211.60   1.85099363
211.70   1.85099251
211.80   1.85099139
211.90   1.85099028
212.00   1.85098917
212.10   1.85098806
212.20   1.85098696
212.30   1.85098587
212.40   1.85098477
212.50   1.85098368
212.60   1.85098260
212.70   1.85098151
212.80   1.85098044
212.90   1.85097936
213.00   1.85097829
213.10   1.85097723
213.20   1.85097616
213.30   1.85097510
213.40   1.85097405
213.50   1.85097300
213.60   1.85097195
213.70   1.85097091
213.80   1.85096987
213.90   1.85096883
214.00   1.85096780
214.10   1.85096677
214.20   1.85096574
214.30   1.85096472
214.40   1.85096370
214.50   1.85096269
214.60   1.85096168
214.70   1.85096067
214.80   1.85095967
214.90   1.85095867
215.00   1.85095767
215.10   1.85095668
215.20   1.85095569
215.30   1.85095470
215.40   1.85095372
215.50   1.85095274
215.60   1.85095177
215.70   1.85095079
215.80   1.85094983
215.90   1.85094886
216.00   1.85094790
216.10   1.85094694
216.20   1.85094599
216.30   1.85094504
216.40   1.85094409
216.50   1.85094315
216.60   1.85094220
216.70   1.85094127
216.80   1.85094033
216.90   1.85093940
217.00   1.85093847
217.10   1.85093755
217.20   1.85093663
217.30   1.85093571
217.40   1.85093480
217.50   1.85093389
217.60   1.85093298
217.70   1.85093207
217.80   1.85093117
217.90   1.85093028
218.00   1.85092938
218.10   1.85092849
218.20   1.85092760
218.30   1.85092671
218.40   1.85092583
218.50   1.85092495
218.60   1.85092408
218.70   1.85092321
218.80   1.85092234
218.90   1.85092147
219.00   1.85092061
219.10   1.85091975
219.20   1.85091889
219.30   1.85091803
219.40   1.85091718
219.50   1.85091634
219.60   1.85091549
219.70   1.85091465
219.80   1.85091381
219.90   1.85091297
220.00   1.85091214
220.10   1.85091131
220.20   1.85091048
220.30   1.85090966
220.40   1.85090884
220.50   1.85090802
220.60   1.85090720
220.70   1.85090639
220.80   1.85090558
220.90   1.85090478
221.00   1.85090397
221.10   1.85090317
221.20   1.85090237
221.30   1.85090158
221.40   1.85090079
221.50   1.85090000
221.60   1.85089921
221.70   1.85089843
221.80   1.85089765
221.90   1.85089687
222.00   1.85089609
222.10   1.85089532
222.20   1.85089455
222.30   1.85089378
222.40   1.85089302
222.50   1.85089226
222.60   1.85089150
222.70   1.85089074
222.80   1.85088999
222.90   1.85088924
223.00   1.85088849
223.10   1.85088774
223.20   1.85088700
223.30   1.85088626
223.40   1.85088552
223.50   1.85088479
223.60   1.85088406
223.70   1.85088333
223.80   1.85088260
223.90   1.85088188
224.00   1.85088115
224.10   1.85088043
224.20   1.85087972
224.30   1.85087900
224.40   1.85087829
224.50   1.85087758
224.60   1.85087688
224.70   1.85087617
224.80   1.85087547
224.90   1.85087477
225.00   1.85087408
225.10   1.85087338
225.20   1.85087269
225.30   1.85087200
225.40   1.85087132
225.50   1.85087063
225.60   1.85086995
225.70   1.85086927
225.80   1.85086859
225.90   1.85086792
226.00   1.85086725
226.10   1.85086658
226.20   1.85086591
226.30   1.85086525
226.40   1.85086458
226.50   1.85086392
226.60   1.85086327
226.70   1.85086261
226.80   1.85086196
226.90   1.85086131
227.00   1.85086066
227.10   1.85086001
227.20   1.85085937
227.30   1.85085873
227.40   1.85085809
227.50   1.85085745
227.60   1.85085682
227.70   1.85085619
227.80   1.85085556
227.90   1.85085493
228.00   1.85085430
228.10   1.85085368
228.20   1.85085306
228.30   1.85085244
228.40   1.85085182
228.50   1.85085121
228.60   1.85085060
228.70   1.85084999
228.80   1.85084938
228.90   1.85084877
229.00   1.85084817
229.10   1.85084757
229.20   1.85084697
229.30   1.85084637
229.40   1.85084578
229.50   1.85084518
229.60   1.85084459
229.70   1.85084401
229.80   1.85084342
229.90   1.85084284
230.00   1.85084225
230.10   1.85084167
230.20   1.85084109
230.30   1.85084052
230.40   1.85083994
230.50   1.85083937
230.60   1.85083880
230.70   1.85083824
230.80   1.85083767
230.90   1.85083711
231.00   1.85083654
231.10   1.85083598
231.20   1.85083543
231.30   1.85083487
231.40   1.85083432
231.50   1.85083377
231.60   1.85083322
231.70   1.85083267
231.80   1.85083212
231.90   1.85083158
232.00   1.85083104
232.10   1.85083050
232.20   1.85082996
232.30   1.85082942
232.40   1.85082889
232.50   1.85082836
232.60   1.85082782
232.70   1.85082730
232.80   1.85082677
232.90   1.85082624
233.00   1.85082572
233.10   1.85082520
233.20   1.85082468
233.30   1.85082416
233.40   1.85082365
233.50   1.85082314
233.60   1.85082262
233.70   1.85082211
233.80   1.85082161
233.90   1.85082110
234.00   1.85082059
234.10   1.85082009
234.20   1.85081959
234.30   1.85081909
234.40   1.85081859
234.50   1.85081810
234.60   1.85081761
234.70   1.85081711
234.80   1.85081662
234.90   1.85081613
235.00   1.85081565
235.10   1.85081516
235.20   1.85081468
235.30   1.85081420
235.40   1.85081372
235.50   1.85081324
235.60   1.85081276
235.70   1.85081229
235.80   1.85081182
235.90   1.85081134
236.00   1.85081088
236.10   1.85081041
236.20   1.85080994
236.30   1.85080948
236.40   1.85080901
236.50   1.85080855
236.60   1.85080809
236.70   1.85080763
236.80   1.85080718
236.90   1.85080672
237.00   1.85080627
237.10   1.85080582
237.20   1.85080537
237.30   1.85080492
237.40   1.85080447
237.50   1.85080403
237.60   1.85080359
237.70   1.85080314
237.80   1.85080270
237.90   1.85080226
238.00   1.85080183
238.10   1.85080139
238.20   1.85080096
238.30   1.85080053
238.40   1.85080009
238.50   1.85079967
238.60   1.85079924
238.70   1.85079881
238.80   1.85079839
238.90   1.85079796
239.00   1.85079754
239.10   1.85079712
239.20   1.85079670
239.30   1.85079628
239.40   1.85079587
239.50   1.85079545
239.60   1.85079504
239.70   1.85079463
239.80   1.85079422
239.90   1.85079381
240.00   1.85079341
240.10   1.85079300
240.20   1.85079260
240.30   1.85079219
240.40   1.85079179
240.50   1.85079139
240.60   1.85079099
240.70   1.85079060
240.80   1.85079020
240.90   1.85078981
241.00   1.85078942
241.10   1.85078902
241.20   1.85078863
241.30   1.85078825
241.40   1.85078786
241.50   1.85078747
241.60   1.85078709
241.70   1.85078671
241.80   1.85078632
241.90   1.85078594
242.00   1.85078557
242.10   1.85078519
242.20   1.85078481
242.30   1.85078444
242.40   1.85078406
242.50   1.85078369
242.60   1.85078332
242.70   1.85078295
242.80   1.85078258
242.90   1.85078222
243.00   1.85078185
243.10   1.85078149
243.20   1.85078112
243.30   1.85078076
243.40   1.85078040
243.50   1.85078004
243.60   1.85077969
243.70   1.85077933
243.80   1.85077897
243.90   1.85077862
244.00   1.85077827
244.10   1.85077792
244.20   1.85077757
244.30   1.85077722
244.40   1.85077687
244.50   1.85077652
244.60   1.85077618
244.70   1.85077583
244.80   1.85077549
244.90   1.85077515
245.00   1.85077481
245.10   1.85077447
245.20   1.85077413
245.30   1.85077380
245.40   1.85077346
245.50   1.85077313
245.60   1.85077279
245.70   1.85077246
245.80   1.85077213
245.90   1.85077180
246.00   1.85077147
246.10   1.85077115
246.20   1.85077082
246.30   1.85077050
246.40   1.85077017
246.50   1.85076985
246.60   1.85076953
246.70   1.85076921
246.80   1.85076889
246.90   1.85076857
247.00   1.85076826
247.10   1.85076794
247.20   1.85076763
247.30   1.85076731
247.40   1.85076700
247.50   1.85076669
247.60   1.85076638
247.70   1.85076607
247.80   1.85076576
247.90   1.85076546
248.00   1.85076515
248.10   1.85076485
248.20   1.85076454
248.30   1.85076424
248.40   1.85076394
248.50   1.85076364
248.60   1.85076334
248.70   1.85076304
248.80   1.85076275
248.90   1.85076245
249.00   1.85076215
249.10   1.85076186
249.20   1.85076157
249.30   1.85076128
249.40   1.85076099
249.50   1.85076070
249.60   1.85076041
249.70   1.85076012
249.80   1.85075983
249.90   1.85075955
250.00   1.85075926
250.10   1.85075898
250.20   1.85075870
250.30   1.85075842
250.40   1.85075814
250.50   1.85075786
250.60   1.85075758
250.70   1.85075730
250.80   1.85075702
250.90   1.85075675
251.00   1.85075648
251.10   1.85075620
251.20   1.85075593
251.30   1.85075566
251.40   1.85075539
251.50   1.85075512
251.60   1.85075485
251.70   1.85075458
251.80   1.85075431
251.90   1.85075405
252.00   1.85075378
252.10   1.85075352
252.20   1.85075326
252.30   1.85075300
252.40   1.85075273
252.50   1.85075247
252.60   1.85075222
252.70   1.85075196
252.80   1.85075170
252.90   1.85075144
253.00   1.85075119
253.10   1.85075093
253.20   1.85075068
253.30   1.85075043
253.40   1.85075018
253.50   1.85074992
253.60   1.85074967
253.70   1.85074943
253.80   1.85074918
253.90   1.85074893
254.00   1.85074868
254.10   1.85074844
254.20   1.85074819
254.30   1.85074795
254.40   1.85074771
254.50   1.85074746
254.60   1.85074722
254.70   1.85074698
254.80   1.85074674
254.90   1.85074650
255.00   1.85074627
255.10   1.85074603
255.20   1.85074579
255.30   1.85074556
255.40   1.85074532
255.50   1.85074509
255.60   1.85074486
255.70   1.85074463
255.80   1.85074440
255.90   1.85074416
256.00   1.85074394
256.10   1.85074371
256.20   1.85074348
256.30   1.85074325
256.40   1.85074303
256.50   1.85074280
256.60   1.85074258
256.70   1.85074235
256.80   1.85074213
256.90   1.85074191
257.00   1.85074169
257.10   1.85074147
257.20   1.85074125
257.30   1.85074103
257.40   1.85074081
257.50   1.85074059
257.60   1.85074037
257.70   1.85074016
257.80   1.85073994
257.90   1.85073973
258.00   1.85073952
258.10   1.85073930
258.20   1.85073909
258.30   1.85073888
258.40   1.85073867
258.50   1.85073846
258.60   1.85073825
258.70   1.85073804
258.80   1.85073783
258.90   1.85073763
259.00   1.85073742
259.10   1.85073722
259.20   1.85073701
259.30   1.85073681
259.40   1.85073660
259.50   1.85073640
259.60   1.85073620
259.70   1.85073600
259.80   1.85073580
259.90   1.85073560
260.00   1.85073540
260.10   1.85073520
260.20   1.85073501
260.30   1.85073481
260.40   1.85073461
260.50   1.85073442
260.60   1.85073422
260.70   1.85073403
260.80   1.85073384
260.90   1.85073364
261.00   1.85073345
261.10   1.85073326
261.20   1.85073307
261.30   1.85073288
261.40   1.85073269
261.50   1.85073250
261.60   1.85073232
261.70   1.85073213
261.80   1.85073194
261.90   1.85073176
262.00   1.85073157
262.10   1.85073139
262.20   1.85073120
262.30   1.85073102
262.40   1.85073084
262.50   1.85073066
262.60   1.85073047
262.70   1.85073029
262.80   1.85073011
262.90   1.85072994
263.00   1.85072976
263.10   1.85072958
263.20   1.85072940
263.30   1.85072922
263.40   1.85072905
263.50   1.85072887
263.60   1.85072870
263.70   1.85072852
263.80   1.85072835
263.90   1.85072818
264.00   1.85072801
264.10   1.85072783
264.20   1.85072766
264.30   1.85072749
264.40   1.85072732
264.50   1.85072715
264.60   1.85072699
264.70   1.85072682
264.80   1.85072665
264.90   1.85072648
265.00   1.85072632
265.10   1.85072615
265.20   1.85072599
265.30   1.85072582
265.40   1.85072566
265.50   1.85072549
265.60   1.85072533
265.70   1.85072517
265.80   1.85072501
265.90   1.85072485
266.00   1.85072469
266.10   1.85072453
266.20   1.85072437
266.30   1.85072421
266.40   1.85072405
266.50   1.85072389
266.60   1.85072374
266.70   1.85072358
266.80   1.85072342
266.90   1.85072327
267.00   1.85072311
267.10   1.85072296
267.20   1.85072281
267.30   1.85072265
267.40   1.85072250
267.50   1.85072235
267.60   1.85072220
267.70   1.85072205
267.80   1.85072190
267.90   1.85072175
268.00   1.85072160
268.10   1.85072145
268.20   1.85072130
268.30   1.85072115
268.40   1.85072101
268.50   1.85072086
268.60   1.85072071
268.70   1.85072057
268.80   1.85072042
268.90   1.85072028
269.00   1.85072013
269.10   1.85071999
269.20   1.85071985
269.30   1.85071971
269.40   1.85071956
269.50   1.85071942
269.60   1.85071928
269.70   1.85071914
269.80   1.85071900
269.90   1.85071886
270.00   1.85071872
270.10   1.85071858
270.20   1.85071845
270.30   1.85071831
270.40   1.85071817
270.50   1.85071803
270.60   1.85071790
270.70   1.85071776
270.80   1.85071763
270.90   1.85071749
271.00   1.85071736
271.10   1.85071723
271.20   1.85071709
271.30   1.85071696
271.40   1.85071683
271.50   1.85071670
271.60   1.85071657
271.70   1.85071643
271.80   1.85071630
271.90   1.85071617
272.00   1.85071605
272.10   1.85071592
272.20   1.85071579
272.30   1.85071566
272.40   1.85071553
272.50   1.85071541
272.60   1.85071528
272.70   1.85071515
272.80   1.85071503
272.90   1.85071490
273.00   1.85071478
273.10   1.85071465
273.20   1.85071453
273.30   1.85071441
273.40   1.85071428
273.50   1.85071416
273.60   1.85071404
273.70   1.85071392
273.80   1.85071379
273.90   1.85071367
274.00   1.85071355
274.10   1.85071343
274.20   1.85071331
274.30   1.85071319
274.40   1.85071308
274.50   1.85071296
274.60   1.85071284
274.70   1.85071272
274.80   1.85071261
274.90   1.85071249
275.00   1.85071237
275.10   1.85071226
275.20   1.85071214
275.30   1.85071203
275.40   1.85071191
275.50   1.85071180
275.60   1.85071168
275.70   1.85071157
275.80   1.85071146
275.90   1.85071135
276.00   1.85071123
276.10   1.85071112
276.20   1.85071101
276.30   1.85071090
276.40   1.85071079
276.50   1.85071068
276.60   1.85071057
276.70   1.85071046
276.80   1.85071035
276.90   1.85071024
277.00   1.85071013
277.10   1.85071003
277.20   1.85070992
277.30   1.85070981
277.40   1.85070971
277.50   1.85070960
277.60   1.85070949
277.70   1.85070939
277.80   1.85070928
277.90   1.85070918
278.00   1.85070907
278.10   1.85070897
278.20   1.85070887
278.30   1.85070876
278.40   1.85070866
278.50   1.85070856
278.60   1.85070846
278.70   1.85070835
278.80   1.85070825
278.90   1.85070815
279.00   1.85070805
279.10   1.85070795
279.20   1.85070785
279.30   1.85070775
279.40   1.85070765
279.50   1.85070755
279.60   1.85070746
279.70   1.85070736
279.80   1.85070726
279.90   1.85070716
280.00   1.85070706
280.10   1.85070697
280.20   1.85070687
280.30   1.85070678
280.40   1.85070668
280.50   1.85070658
280.60   1.85070649
280.70   1.85070639
280.80   1.85070630
280.90   1.85070621
281.00   1.85070611
281.10   1.85070602
281.20   1.85070593
281.30   1.85070583
281.40   1.85070574
281.50   1.85070565
281.60   1.85070556
281.70   1.85070547
281.80   1.85070537
281.90   1.85070528
282.00   1.85070519
282.10   1.85070510
282.20   1.85070501
282.30   1.85070492
282.40   1.85070484
282.50   1.85070475
282.60   1.85070466
282.70   1.85070457
282.80   1.85070448
282.90   1.85070439
283.00   1.85070431
283.10   1.85070422
283.20   1.85070413
283.30   1.85070405
283.40   1.85070396
283.50   1.85070388
283.60   1.85070379
283.70   1.85070371
283.80   1.85070362
283.90   1.85070354
284.00   1.85070345
284.10   1.85070337
284.20   1.85070328
284.30   1.85070320
284.40   1.85070312
284.50   1.85070304
284.60   1.85070295
284.70   1.85070287
284.80   1.85070279
284.90   1.85070271
285.00   1.85070263
285.10   1.85070255
285.20   1.85070247
285.30   1.85070238
285.40   1.85070230
285.50   1.85070223
285.60   1.85070215
285.70   1.85070207
285.80   1.85070199
285.90   1.85070191
286.00   1.85070183
286.10   1.85070175
286.20   1.85070167
286.30   1.85070160
286.40   1.85070152
286.50   1.85070144
286.60   1.85070137
286.70   1.85070129
286.80   1.85070121
286.90   1.85070114
287.00   1.85070106
287.10   1.85070099
287.20   1.85070091
287.30   1.85070084
287.40   1.85070076
287.50   1.85070069
287.60   1.85070061
287.70   1.85070054
287.80   1.85070047
287.90   1.85070039
288.00   1.85070032
288.10   1.85070025
288.20   1.85070018
288.30   1.85070010
288.40   1.85070003
288.50   1.85069996
288.60   1.85069989
288.70   1.85069982
288.80   1.85069975
288.90   1.85069968
289.00   1.85069961
289.10   1.85069954
289.20   1.85069947
289.30   1.85069940
289.40   1.85069933
289.50   1.85069926
289.60   1.85069919
289.70   1.85069912
289.80   1.85069905
289.90   1.85069898
290.00   1.85069892
290.10   1.85069885
290.20   1.85069878
290.30   1.85069871
290.40   1.85069865
290.50   1.85069858
290.60   1.85069851
290.70   1.85069845
290.80   1.85069838
290.90   1.85069832
291.00   1.85069825
291.10   1.85069819
291.20   1.85069812
291.30   1.85069806
291.40   1.85069799
291.50   1.85069793
291.60   1.85069786
291.70   1.85069780
291.80   1.85069774
291.90   1.85069767
292.00   1.85069761
292.10   1.85069755
292.20   1.85069748
292.30   1.85069742
292.40   1.85069736
292.50   1.85069730
292.60   1.85069723
292.70   1.85069717
292.80   1.85069711
292.90   1.85069705
293.00   1.85069699
293.10   1.85069693
293.20   1.85069687
293.30   1.85069681
293.40   1.85069675
293.50   1.85069669
293.60   1.85069663
293.70   1.85069657
293.80   1.85069651
293.90   1.85069645
294.00   1.85069639
294.10   1.85069633
294.20   1.85069627
294.30   1.85069622
294.40   1.85069616
294.50   1.85069610
294.60   1.85069604
294.70   1.85069599
294.80   1.85069593
294.90   1.85069587
295.00   1.85069581
295.10   1.85069576
295.20   1.85069570
295.30   1.85069565
295.40   1.85069559
295.50   1.85069553
295.60   1.85069548
295.70   1.85069542
295.80   1.85069537
295.90   1.85069531
296.00   1.85069526
296.10   1.85069520
296.20   1.85069515
296.30   1.85069510
296.40   1.85069504
296.50   1.85069499
296.60   1.85069493
296.70   1.85069488
296.80   1.85069483
296.90   1.85069477
297.00   1.85069472
297.10   1.85069467
297.20   1.85069462
297.30   1.85069456
297.40   1.85069451
297.50   1.85069446
297.60   1.85069441
297.70   1.85069436
297.80   1.85069431
297.90   1.85069425
298.00   1.85069420
298.10   1.85069415
298.20   1.85069410
298.30   1.85069405
298.40   1.85069400
298.50   1.85069395
298.60   1.85069390
298.70   1.85069385
298.80   1.85069380
298.90   1.85069375
299.00   1.85069370
299.10   1.85069365
299.20   1.85069361
299.30   1.85069356
299.40   1.85069351
299.50   1.85069346
299.60   1.85069341
299.70   1.85069336
299.80   1.85069332
299.90   1.85069327
300.00   1.85069322
