  Time Stress
  0.00   0.93062000
  0.10   0.92804667
  0.20   0.92559806
  0.30   0.92326765
  0.40   0.92104926
  0.50   0.91893704
  0.60   0.91692545
  0.70   0.91500925
  0.80   0.91318345
  0.90   0.91144335
  1.00   0.90978449
  1.10   0.90820263
  1.20   0.90669378
  1.30   0.90525414
  1.40   0.90388011
  1.50   0.90256829
  1.60   0.90131545
  1.70   0.90011855
  1.80   0.89897468
  1.90   0.89788110
  2.00   0.89683522
  2.10   0.89583457
  2.20   0.89487682
  2.30   0.89395976
  2.40   0.89308130
  2.50   0.89223946
  2.60   0.89143236
  2.70   0.89065822
  2.80   0.88991535
  2.90   0.88920215
  3.00   0.88851712
  3.10   0.88785881
  3.20   0.88722588
  3.30   0.88661702
  3.40   0.88603103
  3.50   0.88546675
  3.60   0.88492307
  3.70   0.88439897
  3.80   0.88389347
  3.90   0.88340562
  4.00   0.88293455
  4.10   0.88247942
  4.20   0.88203944
  4.30   0.88161386
  4.40   0.88120196
  4.50   0.88080307
  4.60   0.88041656
  4.70   0.88004181
  4.80   0.87967825
  4.90   0.87932534
  5.00   0.87898257
  5.10   0.87864944
  5.20   0.87832549
  5.30   0.87801028
  5.40   0.87770339
  5.50   0.87740444
  5.60   0.87711305
  5.70   0.87682885
  5.80   0.87655153
  5.90   0.87628075
  6.00   0.87601621
  6.10   0.87575764
  6.20   0.87550475
  6.30   0.87525729
  6.40   0.87501502
  6.50   0.87477771
  6.60   0.87454513
  6.70   0.87431707
  6.80   0.87409335
  6.90   0.87387376
  7.00   0.87365814
  7.10   0.87344631
  7.20   0.87323812
  7.30   0.87303342
  7.40   0.87283205
  7.50   0.87263389
  7.60   0.87243879
  7.70   0.87224665
  7.80   0.87205734
  7.90   0.87187076
  8.00   0.87168679
  8.10   0.87150533
  8.20   0.87132630
  8.30   0.87114960
  8.40   0.87097515
  8.50   0.87080286
  8.60   0.87063266
  8.70   0.87046447
  8.80   0.87029823
  8.90   0.87013386
  9.00   0.86997131
  9.10   0.86981051
  9.20   0.86965141
  9.30   0.86949395
  9.40   0.86933809
  9.50   0.86918376
  9.60   0.86903094
  9.70   0.86887956
  9.80   0.86872959
  9.90   0.86858100
 10.00   0.86843373
 10.10   0.86828775
 10.20   0.86814304
 10.30   0.86799955
 10.40   0.86785725
 10.50   0.86771612
 10.60   0.86757612
 10.70   0.86743723
 10.80   0.86729942
 10.90   0.86716267
 11.00   0.86702694
 11.10   0.86689223
 11.20   0.86675851
 11.30   0.86662575
 11.40   0.86649393
 11.50   0.86636305
 11.60   0.86623307
 11.70   0.86610399
 11.80   0.86597577
 11.90   0.86584842
 12.00   0.86572191
 12.10   0.86559623
 12.20   0.86547136
 12.30   0.86534729
 12.40   0.86522401
 12.50   0.86510151
 12.60   0.86497976
 12.70   0.86485877
 12.80   0.86473852
 12.90   0.86461899
 13.00   0.86450018
 13.10   0.86438209
 13.20   0.86426469
 13.30   0.86414797
 13.40   0.86403194
 13.50   0.86391659
 13.60   0.86380189
 13.70   0.86368785
 13.80   0.86357445
 13.90   0.86346170
 14.00   0.86334958
 14.10   0.86323808
 14.20   0.86312720
 14.30   0.86301693
 14.40   0.86290727
 14.50   0.86279821
 14.60   0.86268973
 14.70   0.86258185
 14.80   0.86247454
 14.90   0.86236781
 15.00   0.86226164
 15.10   0.86215605
 15.20   0.86205100
 15.30   0.86194652
 15.40   0.86184258
 15.50   0.86173918
 15.60   0.86163632
 15.70   0.86153400
 15.80   0.86143221
 15.90   0.86133094
 16.00   0.86123019
 16.10   0.86112995
 16.20   0.86103023
 16.30   0.86093101
 16.40   0.86083230
 16.50   0.86073409
 16.60   0.86063638
 16.70   0.86053915
 16.80   0.86044242
 16.90   0.86034616
 17.00   0.86025039
 17.10   0.86015510
 17.20   0.86006028
 17.30   0.85996593
 17.40   0.85987204
 17.50   0.85977862
 17.60   0.85968566
 17.70   0.85959315
 17.80   0.85950110
 17.90   0.85940950
 18.00   0.85931834
 18.10   0.85922763
 18.20   0.85913736
 18.30   0.85904753
 18.40   0.85895813
 18.50   0.85886916
 18.60   0.85878062
 18.70   0.85869251
 18.80   0.85860482
 18.90   0.85851755
 19.00   0.85843070
 19.10   0.85834426
 19.20   0.85825823
 19.30   0.85817261
 19.40   0.85808740
 19.50   0.85800259
 19.60   0.85791818
 19.70   0.85783417
 19.80   0.85775056
 19.90   0.85766734
 20.00   0.85758451
 20.10   0.85750207
 20.20   0.85742001
 20.30   0.85733834
 20.40   0.85725705
 20.50   0.85717613
 20.60   0.85709559
 20.70   0.85701543
 20.80   0.85693563
 20.90   0.85685621
 21.00   0.85677715
 21.10   0.85669845
 21.20   0.85662012
 21.30   0.85654214
 21.40   0.85646453
 21.50   0.85638726
 21.60   0.85631035
 21.70   0.85623379
 21.80   0.85615758
 21.90   0.85608172
 22.00   0.85600620
 22.10   0.85593102
 22.20   0.85585618
 22.30   0.85578167
 22.40   0.85570751
 22.50   0.85563367
 22.60   0.85556017
 22.70   0.85548700
 22.80   0.85541415
 22.90   0.85534163
 23.00   0.85526943
 23.10   0.85519756
 23.20   0.85512600
 23.30   0.85505476
 23.40   0.85498383
 23.50   0.85491322
 23.60   0.85484292
 23.70   0.85477293
 23.80   0.85470324
 23.90   0.85463387
 24.00   0.85456479
 24.10   0.85449602
 24.20   0.85442755
 24.30   0.85435937
 24.40   0.85429150
 24.50   0.85422391
 24.60   0.85415662
 24.70   0.85408962
 24.80   0.85402291
 24.90   0.85395649
 25.00   0.85389035
 25.10   0.85382450
 25.20   0.85375893
 25.30   0.85369364
 25.40   0.85362863
 25.50   0.85356389
 25.60   0.85349943
 25.70   0.85343525
 25.80   0.85337133
 25.90   0.85330769
 26.00   0.85324432
 26.10   0.85318121
 26.20   0.85311837
 26.30   0.85305579
 26.40   0.85299348
 26.50   0.85293142
 26.60   0.85286962
 26.70   0.85280809
 26.80   0.85274680
 26.90   0.85268578
 27.00   0.85262500
 27.10   0.85256448
 27.20   0.85250421
 27.30   0.85244418
 27.40   0.85238440
 27.50   0.85232487
 27.60   0.85226558
 27.70   0.85220653
 27.80   0.85214773
 27.90   0.85208916
 28.00   0.85203083
 28.10   0.85197274
 28.20   0.85191488
 28.30   0.85185726
 28.40   0.85179987
 28.50   0.85174271
 28.60   0.85168578
 28.70   0.85162908
 28.80   0.85157260
 28.90   0.85151636
 29.00   0.85146033
 29.10   0.85140453
 29.20   0.85134895
 29.30   0.85129359
 29.40   0.85123844
 29.50   0.85118352
 29.60   0.85112881
 29.70   0.85107432
 29.80   0.85102004
 29.90   0.85096597
 30.00   0.85091211
 30.10   0.85085846
 30.20   0.85080502
 30.30   0.85075179
 30.40   0.85069877
 30.50   0.85064595
 30.60   0.85059333
 30.70   0.85054091
 30.80   0.85048870
 30.90   0.85043669
 31.00   0.85038487
 31.10   0.85033325
 31.20   0.85028183
 31.30   0.85023061
 31.40   0.85017958
 31.50   0.85012874
 31.60   0.85007809
 31.70   0.85002763
 31.80   0.84997737
 31.90   0.84992729
 32.00   0.84987740
 32.10   0.84982769
 32.20   0.84977817
 32.30   0.84972884
 32.40   0.84967968
 32.50   0.84963071
 32.60   0.84958192
 32.70   0.84953331
 32.80   0.84948487
 32.90   0.84943662
 33.00   0.84938854
 33.10   0.84934064
 33.20   0.84929291
 33.30   0.84924535
 33.40   0.84919797
 33.50   0.84915076
 33.60   0.84910371
 33.70   0.84905684
 33.80   0.84901014
 33.90   0.84896360
 34.00   0.84891723
 34.10   0.84887102
 34.20   0.84882498
 34.30   0.84877910
 34.40   0.84873339
 34.50   0.84868783
 34.60   0.84864244
 34.70   0.84859720
 34.80   0.84855213
 34.90   0.84850721
 35.00   0.84846245
 35.10   0.84841785
 35.20   0.84837340
 35.30   0.84832910
 35.40   0.84828496
 35.50   0.84824097
 35.60   0.84819713
 35.70   0.84815344
 35.80   0.84810990
 35.90   0.84806651
 36.00   0.84802326
 36.10   0.84798017
 36.20   0.84793722
 36.30   0.84789441
 36.40   0.84785175
 36.50   0.84780924
 36.60   0.84776686
 36.70   0.84772463
 36.80   0.84768254
 36.90   0.84764059
 37.00   0.84759878
 37.10   0.84755711
 37.20   0.84751557
 37.30   0.84747418
 37.40   0.84743291
 37.50   0.84739179
 37.60   0.84735080
 37.70   0.84730994
 37.80   0.84726922
 37.90   0.84722862
 38.00   0.84718816
 38.10   0.84714784
 38.20   0.84710764
 38.30   0.84706757
 38.40   0.84702762
 38.50   0.84698781
 38.60   0.84694812
 38.70   0.84690856
 38.80   0.84686913
 38.90   0.84682982
 39.00   0.84679064
 39.10   0.84675157
 39.20   0.84671263
 39.30   0.84667382
 39.40   0.84663512
 39.50   0.84659655
 39.60   0.84655809
 39.70   0.84651976
 39.80   0.84648154
 39.90   0.84644344
 40.00   0.84640546
 40.10   0.84636759
 40.20   0.84632984
 40.30   0.84629221
 40.40   0.84625469
 40.50   0.84621728
 40.60   0.84617999
 40.70   0.84614281
 40.80   0.84610574
 40.90   0.84606879
 41.00   0.84603194
 41.10   0.84599521
 41.20   0.84595858
 41.30   0.84592207
 41.40   0.84588566
 41.50   0.84584936
 41.60   0.84581316
 41.70   0.84577707
 41.80   0.84574109
 41.90   0.84570522
 42.00   0.84566944
 42.10   0.84563378
 42.20   0.84559821
 42.30   0.84556275
 42.40   0.84552739
 42.50   0.84549213
 42.60   0.84545698
 42.70   0.84542192
 42.80   0.84538697
 42.90   0.84535211
 43.00   0.84531735
 43.10   0.84528269
 43.20   0.84524813
 43.30   0.84521367
 43.40   0.84517930
 43.50   0.84514503
 43.60   0.84511085
 43.70   0.84507677
 43.80   0.84504279
 43.90   0.84500890
 44.00   0.84497510
 44.10   0.84494139
 44.20   0.84490778
 44.30   0.84487426
 44.40   0.84484083
 44.50   0.84480749
 44.60   0.84477424
 44.70   0.84474108
 44.80   0.84470802
 44.90   0.84467504
 45.00   0.84464214
 45.10   0.84460934
 45.20   0.84457662
 45.30   0.84454400
 45.40   0.84451145
 45.50   0.84447900
 45.60   0.84444663
 45.70   0.84441434
 45.80   0.84438214
 45.90   0.84435002
 46.00   0.84431799
 46.10   0.84428604
 46.20   0.84425417
 46.30   0.84422239
 46.40   0.84419068
 46.50   0.84415906
 46.60   0.84412752
 46.70   0.84409606
 46.80   0.84406468
 46.90   0.84403338
 47.00   0.84400216
 47.10   0.84397102
 47.20   0.84393996
 47.30   0.84390897
 47.40   0.84387806
 47.50   0.84384723
 47.60   0.84381648
 47.70   0.84378580
 47.80   0.84375519
 47.90   0.84372467
 48.00   0.84369422
 48.10   0.84366384
 48.20   0.84363354
 48.30   0.84360331
 48.40   0.84357315
 48.50   0.84354307
 48.60   0.84351306
 48.70   0.84348312
 48.80   0.84345325
 48.90   0.84342346
 49.00   0.84339374
 49.10   0.84336408
 49.20   0.84333450
 49.30   0.84330499
 49.40   0.84327555
 49.50   0.84324617
 49.60   0.84321687
 49.70   0.84318763
 49.80   0.84315847
 49.90   0.84312937
 50.00   0.84310033
 50.10   0.84307137
 50.20   0.84304247
 50.30   0.84301364
 50.40   0.84298487
 50.50   0.84295617
 50.60   0.84292753
 50.70   0.84289896
 50.80   0.84287046
 50.90   0.84284202
 51.00   0.84281364
 51.10   0.84278532
 51.20   0.84275707
 51.30   0.84272888
 51.40   0.84270076
 51.50   0.84267270
 51.60   0.84264470
 51.70   0.84261676
 51.80   0.84258888
 51.90   0.84256106
 52.00   0.84253330
 52.10   0.84250561
 52.20   0.84247797
 52.30   0.84245040
 52.40   0.84242288
 52.50   0.84239542
 52.60   0.84236802
 52.70   0.84234068
 52.80   0.84231340
 52.90   0.84228618
 53.00   0.84225901
 53.10   0.84223190
 53.20   0.84220485
 53.30   0.84217785
 53.40   0.84215091
 53.50   0.84212403
 53.60   0.84209721
 53.70   0.84207043
 53.80   0.84204372
 53.90   0.84201706
 54.00   0.84199045
 54.10   0.84196390
 54.20   0.84193740
 54.30   0.84191096
 54.40   0.84188457
 54.50   0.84185823
 54.60   0.84183195
 54.70   0.84180572
 54.80   0.84177954
 54.90   0.84175341
 55.00   0.84172734
 55.10   0.84170132
 55.20   0.84167535
 55.30   0.84164943
 55.40   0.84162356
 55.50   0.84159774
 55.60   0.84157197
 55.70   0.84154626
 55.80   0.84152059
 55.90   0.84149497
 56.00   0.84146941
 56.10   0.84144389
 56.20   0.84141842
 56.30   0.84139300
 56.40   0.84136763
 56.50   0.84134230
 56.60   0.84131703
 56.70   0.84129180
 56.80   0.84126662
 56.90   0.84124149
 57.00   0.84121640
 57.10   0.84119136
 57.20   0.84116637
 57.30   0.84114142
 57.40   0.84111652
 57.50   0.84109167
 57.60   0.84106686
 57.70   0.84104210
 57.80   0.84101738
 57.90   0.84099271
 58.00   0.84096808
 58.10   0.84094350
 58.20   0.84091896
 58.30   0.84089447
 58.40   0.84087002
 58.50   0.84084561
 58.60   0.84082125
 58.70   0.84079693
 58.80   0.84077266
 58.90   0.84074842
 59.00   0.84072423
 59.10   0.84070008
 59.20   0.84067598
 59.30   0.84065192
 59.40   0.84062790
 59.50   0.84060392
 59.60   0.84057998
 59.70   0.84055608
 59.80   0.84053223
 59.90   0.84050841
 60.00   0.84048464
 60.10   0.84046091
 60.20   0.84043721
 60.30   0.84041356
 60.40   0.84038995
 60.50   0.84036638
 60.60   0.84034284
 60.70   0.84031935
 60.80   0.84029589
 60.90   0.84027248
 61.00   0.84024910
 61.10   0.84022577
 61.20   0.84020247
 61.30   0.84017921
 61.40   0.84015598
 61.50   0.84013280
 61.60   0.84010965
 61.70   0.84008654
 61.80   0.84006347
 61.90   0.84004044
 62.00   0.84001744
 62.10   0.83999448
 62.20   0.83997156
 62.30   0.83994867
 62.40   0.83992582
 62.50   0.83990301
 62.60   0.83988023
 62.70   0.83985749
 62.80   0.83983479
 62.90   0.83981212
 63.00   0.83978948
 63.10   0.83976688
 63.20   0.83974432
 63.30   0.83972179
 63.40   0.83969930
 63.50   0.83967684
 63.60   0.83965441
 63.70   0.83963202
 63.80   0.83960967
 63.90   0.83958734
 64.00   0.83956506
 64.10   0.83954280
 64.20   0.83952058
 64.30   0.83949840
 64.40   0.83947624
 64.50   0.83945412
 64.60   0.83943203
 64.70   0.83940998
 64.80   0.83938796
 64.90   0.83936597
 65.00   0.83934401
 65.10   0.83932209
 65.20   0.83930020
 65.30   0.83927834
 65.40   0.83925651
 65.50   0.83923471
 65.60   0.83921295
 65.70   0.83919122
 65.80   0.83916952
 65.90   0.83914785
 66.00   0.83912621
 66.10   0.83910460
 66.20   0.83908302
 66.30   0.83906147
 66.40   0.83903996
 66.50   0.83901847
 66.60   0.83899702
 66.70   0.83897559
 66.80   0.83895420
 66.90   0.83893283
 67.00   0.83891150
 67.10   0.83889019
 67.20   0.83886892
 67.30   0.83884767
 67.40   0.83882646
 67.50   0.83880527
 67.60   0.83878411
 67.70   0.83876298
 67.80   0.83874188
 67.90   0.83872081
 68.00   0.83869976
 68.10   0.83867875
 68.20   0.83865776
 68.30   0.83863681
 68.40   0.83861588
 68.50   0.83859497
 68.60   0.83857410
 68.70   0.83855325
 68.80   0.83853244
 68.90   0.83851164
 69.00   0.83849088
 69.10   0.83847015
 69.20   0.83844944
 69.30   0.83842875
 69.40   0.83840810
 69.50   0.83838747
 69.60   0.83836687
 69.70   0.83834630
 69.80   0.83832575
 69.90   0.83830523
 70.00   0.83828473
 70.10   0.83826427
 70.20   0.83824382
 70.30   0.83822341
 70.40   0.83820302
 70.50   0.83818265
 70.60   0.83816232
 70.70   0.83814200
 70.80   0.83812172
 70.90   0.83810145
 71.00   0.83808122
 71.10   0.83806101
 71.20   0.83804082
 71.30   0.83802066
 71.40   0.83800053
 71.50   0.83798042
 71.60   0.83796033
 71.70   0.83794027
 71.80   0.83792023
 71.90   0.83790022
 72.00   0.83788023
 72.10   0.83786027
 72.20   0.83784033
 72.30   0.83782041
 72.40   0.83780052
 72.50   0.83778066
 72.60   0.83776081
 72.70   0.83774099
 72.80   0.83772120
 72.90   0.83770143
 73.00   0.83768168
 73.10   0.83766195
 73.20   0.83764225
 73.30   0.83762257
 73.40   0.83760292
 73.50   0.83758329
 73.60   0.83756368
 73.70   0.83754409
 73.80   0.83752453
 73.90   0.83750499
 74.00   0.83748547
 74.10   0.83746598
 74.20   0.83744650
 74.30   0.83742705
 74.40   0.83740763
 74.50   0.83738822
 74.60   0.83736884
 74.70   0.83734948
 74.80   0.83733014
 74.90   0.83731082
 75.00   0.83729153
 75.10   0.83727225
 75.20   0.83725300
 75.30   0.83723377
 75.40   0.83721456
 75.50   0.83719537
 75.60   0.83717621
 75.70   0.83715706
 75.80   0.83713794
 75.90   0.83711884
 76.00   0.83709976
 76.10   0.83708070
 76.20   0.83706166
 76.30   0.83704264
 76.40   0.83702365
 76.50   0.83700467
 76.60   0.83698572
 76.70   0.83696678
 76.80   0.83694787
 76.90   0.83692897
 77.00   0.83691010
 77.10   0.83689125
 77.20   0.83687241
 77.30   0.83685360
 77.40   0.83683481
 77.50   0.83681604
 77.60   0.83679729
 77.70   0.83677855
 77.80   0.83675984
 77.90   0.83674115
 78.00   0.83672248
 78.10   0.83670382
 78.20   0.83668519
 78.30   0.83666658
 78.40   0.83664798
 78.50   0.83662941
 78.60   0.83661085
 78.70   0.83659232
 78.80   0.83657380
 78.90   0.83655530
 79.00   0.83653682
 79.10   0.83651836
 79.20   0.83649992
 79.30   0.83648150
 79.40   0.83646310
 79.50   0.83644471
 79.60   0.83642635
 79.70   0.83640800
 79.80   0.83638967
 79.90   0.83637136
 80.00   0.83635307
 80.10   0.83633480
 80.20   0.83631655
 80.30   0.83629831
 80.40   0.83628009
 80.50   0.83626189
 80.60   0.83624371
 80.70   0.83622555
 80.80   0.83620741
 80.90   0.83618928
 81.00   0.83617117
 81.10   0.83615308
 81.20   0.83613501
 81.30   0.83611695
 81.40   0.83609891
 81.50   0.83608090
 81.60   0.83606289
 81.70   0.83604491
 81.80   0.83602694
 81.90   0.83600899
 82.00   0.83599106
 82.10   0.83597315
 82.20   0.83595525
 82.30   0.83593737
 82.40   0.83591950
 82.50   0.83590166
 82.60   0.83588383
 82.70   0.83586602
 82.80   0.83584822
 82.90   0.83583045
 83.00   0.83581269
 83.10   0.83579494
 83.20   0.83577722
 83.30   0.83575951
 83.40   0.83574181
 83.50   0.83572414
 83.60   0.83570648
 83.70   0.83568883
 83.80   0.83567121
 83.90   0.83565359
 84.00   0.83563600
 84.10   0.83561842
 84.20   0.83560086
 84.30   0.83558332
 84.40   0.83556579
 84.50   0.83554828
 84.60   0.83553078
 84.70   0.83551330
 84.80   0.83549584
 84.90   0.83547839
 85.00   0.83546096
 85.10   0.83544354
 85.20   0.83542614
 85.30   0.83540876
 85.40   0.83539139
 85.50   0.83537403
 85.60   0.83535670
 85.70   0.83533938
 85.80   0.83532207
 85.90   0.83530478
 86.00   0.83528751
 86.10   0.83527025
 86.20   0.83525300
 86.30   0.83523578
 86.40   0.83521856
 86.50   0.83520137
 86.60   0.83518419
 86.70   0.83516702
 86.80   0.83514987
 86.90   0.83513273
 87.00   0.83511561
 87.10   0.83509850
 87.20   0.83508141
 87.30   0.83506434
 87.40   0.83504728
 87.50   0.83503023
 87.60   0.83501320
 87.70   0.83499619
 87.80   0.83497919
 87.90   0.83496220
 88.00   0.83494523
 88.10   0.83492827
 88.20   0.83491133
 88.30   0.83489440
 88.40   0.83487749
 88.50   0.83486059
 88.60   0.83484371
 88.70   0.83482684
 88.80   0.83480999
 88.90   0.83479315
 89.00   0.83477632
 89.10   0.83475951
 89.20   0.83474271
 89.30   0.83472593
 89.40   0.83470916
 89.50   0.83469241
 89.60   0.83467567
 89.70   0.83465895
 89.80   0.83464224
 89.90   0.83462554
 90.00   0.83460886
 90.10   0.83459219
 90.20   0.83457553
 90.30   0.83455889
 90.40   0.83454226
 90.50   0.83452565
 90.60   0.83450905
 90.70   0.83449247
 90.80   0.83447590
 90.90   0.83445934
 91.00   0.83444279
 91.10   0.83442626
 91.20   0.83440975
 91.30   0.83439325
 91.40   0.83437676
 91.50   0.83436028
 91.60   0.83434382
 91.70   0.83432737
 91.80   0.83431094
 91.90   0.83429452
 92.00   0.83427811
 92.10   0.83426171
 92.20   0.83424533
 92.30   0.83422896
 92.40   0.83421261
 92.50   0.83419627
 92.60   0.83417994
 92.70   0.83416363
 92.80   0.83414733
 92.90   0.83413104
 93.00   0.83411476
 93.10   0.83409850
 93.20   0.83408225
 93.30   0.83406602
 93.40   0.83404980
 93.50   0.83403359
 93.60   0.83401739
 93.70   0.83400121
 93.80   0.83398504
 93.90   0.83396888
 94.00   0.83395273
 94.10   0.83393660
 94.20   0.83392048
 94.30   0.83390438
 94.40   0.83388828
 94.50   0.83387220
 94.60   0.83385613
 94.70   0.83384008
 94.80   0.83382404
 94.90   0.83380801
 95.00   0.83379199
 95.10   0.83377599
 95.20   0.83375999
 95.30   0.83374401
 95.40   0.83372805
 95.50   0.83371209
 95.60   0.83369615
 95.70   0.83368022
 95.80   0.83366430
 95.90   0.83364840
 96.00   0.83363251
 96.10   0.83361663
 96.20   0.83360076
 96.30   0.83358490
 96.40   0.83356906
 96.50   0.83355323
 96.60   0.83353741
 96.70   0.83352160
 96.80   0.83350581
 96.90   0.83349003
 97.00   0.83347426
 97.10   0.83345850
 97.20   0.83344276
 97.30   0.83342702
 97.40   0.83341130
 97.50   0.83339559
 97.60   0.83337989
 97.70   0.83336421
 97.80   0.83334853
 97.90   0.83333287
 98.00   0.83331722
 98.10   0.83330159
 98.20   0.83328596
 98.30   0.83327035
 98.40   0.83325474
 98.50   0.83323915
 98.60   0.83322357
 98.70   0.83320801
 98.80   0.83319245
 98.90   0.83317691
 99.00   0.83316138
 99.10   0.83314586
 99.20   0.83313035
 99.30   0.83311485
 99.40   0.83309937
 99.50   0.83308389
 99.60   0.83306843
 99.70   0.83305298
 99.80   0.83303754
 99.90   0.83302211
100.00   0.83300670
100.10   0.83299129
100.20   0.83297590
100.30   0.83296052
100.40   0.83294515
100.50   0.83292979
100.60   0.83291444
100.70   0.83289911
100.80   0.83288378
100.90   0.83286847
101.00   0.83285317
101.10   0.83283788
101.20   0.83282260
101.30   0.83280733
101.40   0.83279207
101.50   0.83277683
101.60   0.83276159
101.70   0.83274637
101.80   0.83273115
101.90   0.83271595
102.00   0.83270076
102.10   0.83268558
102.20   0.83267042
102.30   0.83265526
102.40   0.83264011
102.50   0.83262498
102.60   0.83260986
102.70   0.83259474
102.80   0.83257964
102.90   0.83256455
103.00   0.83254947
103.10   0.83253440
103.20   0.83251934
103.30   0.83250430
103.40   0.83248926
103.50   0.83247423
103.60   0.83245922
103.70   0.83244421
103.80   0.83242922
103.90   0.83241424
104.00   0.83239927
104.10   0.83238431
104.20   0.83236936
104.30   0.83235442
104.40   0.83233949
104.50   0.83232457
104.60   0.83230966
104.70   0.83229477
104.80   0.83227988
104.90   0.83226500
105.00   0.83225014
105.10   0.83223529
105.20   0.83222044
105.30   0.83220561
105.40   0.83219079
105.50   0.83217597
105.60   0.83216117
105.70   0.83214638
105.80   0.83213160
105.90   0.83211683
106.00   0.83210207
106.10   0.83208732
106.20   0.83207258
106.30   0.83205785
106.40   0.83204314
106.50   0.83202843
106.60   0.83201373
106.70   0.83199904
106.80   0.83198437
106.90   0.83196970
107.00   0.83195504
107.10   0.83194040
107.20   0.83192576
107.30   0.83191114
107.40   0.83189652
107.50   0.83188192
107.60   0.83186732
107.70   0.83185274
107.80   0.83183816
107.90   0.83182360
108.00   0.83180905
108.10   0.83179450
108.20   0.83177997
108.30   0.83176544
108.40   0.83175093
108.50   0.83173643
108.60   0.83172193
108.70   0.83170745
108.80   0.83169298
108.90   0.83167851
109.00   0.83166406
109.10   0.83164962
109.20   0.83163518
109.30   0.83162076
109.40   0.83160635
109.50   0.83159194
109.60   0.83157755
109.70   0.83156317
109.80   0.83154879
109.90   0.83153443
110.00   0.83152008
110.10   0.83150573
110.20   0.83149140
110.30   0.83147707
110.40   0.83146276
110.50   0.83144845
110.60   0.83143416
110.70   0.83141988
110.80   0.83140560
110.90   0.83139133
111.00   0.83137708
111.10   0.83136283
111.20   0.83134860
111.30   0.83133437
111.40   0.83132015
111.50   0.83130595
111.60   0.83129175
111.70   0.83127756
111.80   0.83126338
111.90   0.83124921
112.00   0.83123506
112.10   0.83122091
112.20   0.83120677
112.30   0.83119264
112.40   0.83117852
112.50   0.83116440
112.60   0.83115030
112.70   0.83113621
112.80   0.83112213
112.90   0.83110806
113.00   0.83109399
113.10   0.83107994
113.20   0.83106590
113.30   0.83105186
113.40   0.83103784
113.50   0.83102382
113.60   0.83100981
113.70   0.83099582
113.80   0.83098183
113.90   0.83096785
114.00   0.83095388
114.10   0.83093992
114.20   0.83092597
114.30   0.83091203
114.40   0.83089810
114.50   0.83088418
114.60   0.83087027
114.70   0.83085636
114.80   0.83084247
114.90   0.83082859
115.00   0.83081471
115.10   0.83080085
115.20   0.83078699
115.30   0.83077314
115.40   0.83075930
115.50   0.83074547
115.60   0.83073165
115.70   0.83071784
115.80   0.83070404
115.90   0.83069025
116.00   0.83067647
116.10   0.83066269
116.20   0.83064893
116.30   0.83063517
116.40   0.83062143
116.50   0.83060769
116.60   0.83059396
116.70   0.83058024
116.80   0.83056653
116.90   0.83055283
117.00   0.83053914
117.10   0.83052546
117.20   0.83051179
117.30   0.83049812
117.40   0.83048447
117.50   0.83047082
117.60   0.83045718
117.70   0.83044356
117.80   0.83042994
117.90   0.83041633
118.00   0.83040273
118.10   0.83038913
118.20   0.83037555
118.30   0.83036198
118.40   0.83034841
118.50   0.83033485
118.60   0.83032131
118.70   0.83030777
118.80   0.83029424
118.90   0.83028072
119.00   0.83026721
119.10   0.83025370
119.20   0.83024021
119.30   0.83022672
119.40   0.83021325
119.50   0.83019978
119.60   0.83018632
119.70   0.83017287
119.80   0.83015943
119.90   0.83014600
120.00   0.83013258
120.10   0.83011916
120.20   0.83010575
120.30   0.83009236
120.40   0.83007897
120.50   0.83006559
120.60   0.83005222
120.70   0.83003886
120.80   0.83002550
120.90   0.83001216
121.00   0.82999882
121.10   0.82998550
121.20   0.82997218
121.30   0.82995887
121.40   0.82994557
121.50   0.82993227
121.60   0.82991899
121.70   0.82990572
121.80   0.82989245
121.90   0.82987919
122.00   0.82986594
122.10   0.82985270
122.20   0.82983947
122.30   0.82982625
122.40   0.82981303
122.50   0.82979983
122.60   0.82978663
122.70   0.82977344
122.80   0.82976026
122.90   0.82974709
123.00   0.82973392
123.10   0.82972077
123.20   0.82970762
123.30   0.82969449
123.40   0.82968136
123.50   0.82966824
123.60   0.82965512
123.70   0.82964202
123.80   0.82962892
123.90   0.82961584
124.00   0.82960276
124.10   0.82958969
124.20   0.82957663
124.30   0.82956357
124.40   0.82955053
124.50   0.82953749
124.60   0.82952447
124.70   0.82951145
124.80   0.82949844
124.90   0.82948543
125.00   0.82947244
125.10   0.82945945
125.20   0.82944648
125.30   0.82943351
125.40   0.82942055
125.50   0.82940759
125.60   0.82939465
125.70   0.82938172
125.80   0.82936879
125.90   0.82935587
126.00   0.82934296
126.10   0.82933006
126.20   0.82931716
126.30   0.82930428
126.40   0.82929140
126.50   0.82927853
126.60   0.82926567
126.70   0.82925282
126.80   0.82923997
126.90   0.82922713
127.00   0.82921431
127.10   0.82920149
127.20   0.82918868
127.30   0.82917587
127.40   0.82916308
127.50   0.82915029
127.60   0.82913751
127.70   0.82912474
127.80   0.82911198
127.90   0.82909922
128.00   0.82908648
128.10   0.82907374
128.20   0.82906101
128.30   0.82904829
128.40   0.82903557
128.50   0.82902287
128.60   0.82901017
128.70   0.82899748
128.80   0.82898480
128.90   0.82897213
129.00   0.82895946
129.10   0.82894681
129.20   0.82893416
129.30   0.82892152
129.40   0.82890889
129.50   0.82889626
129.60   0.82888364
129.70   0.82887104
129.80   0.82885844
129.90   0.82884584
130.00   0.82883326
130.10   0.82882068
130.20   0.82880811
130.30   0.82879555
130.40   0.82878300
130.50   0.82877046
130.60   0.82875792
130.70   0.82874539
130.80   0.82873287
130.90   0.82872036
131.00   0.82870786
131.10   0.82869536
131.20   0.82868287
131.30   0.82867039
131.40   0.82865792
131.50   0.82864545
131.60   0.82863300
131.70   0.82862055
131.80   0.82860811
131.90   0.82859567
132.00   0.82858325
132.10   0.82857083
132.20   0.82855842
132.30   0.82854602
132.40   0.82853362
132.50   0.82852124
132.60   0.82850886
132.70   0.82849649
132.80   0.82848413
132.90   0.82847177
133.00   0.82845943
133.10   0.82844709
133.20   0.82843476
133.30   0.82842243
133.40   0.82841012
133.50   0.82839781
133.60   0.82838551
133.70   0.82837322
133.80   0.82836093
133.90   0.82834866
134.00   0.82833639
134.10   0.82832413
134.20   0.82831187
134.30   0.82829963
134.40   0.82828739
134.50   0.82827516
134.60   0.82826294
134.70   0.82825072
134.80   0.82823851
134.90   0.82822631
135.00   0.82821412
135.10   0.82820194
135.20   0.82818976
135.30   0.82817759
135.40   0.82816543
135.50   0.82815328
135.60   0.82814113
135.70   0.82812900
135.80   0.82811687
135.90   0.82810474
136.00   0.82809263
136.10   0.82808052
136.20   0.82806842
136.30   0.82805633
136.40   0.82804424
136.50   0.82803217
136.60   0.82802010
136.70   0.82800804
136.80   0.82799598
136.90   0.82798394
137.00   0.82797190
137.10   0.82795987
137.20   0.82794784
137.30   0.82793583
137.40   0.82792382
137.50   0.82791182
137.60   0.82789982
137.70   0.82788784
137.80   0.82787586
137.90   0.82786389
138.00   0.82785192
138.10   0.82783997
138.20   0.82782802
138.30   0.82781608
138.40   0.82780414
138.50   0.82779222
138.60   0.82778030
138.70   0.82776839
138.80   0.82775648
138.90   0.82774459
139.00   0.82773270
139.10   0.82772082
139.20   0.82770894
139.30   0.82769708
139.40   0.82768522
139.50   0.82767337
139.60   0.82766152
139.70   0.82764969
139.80   0.82763786
139.90   0.82762604
140.00   0.82761422
140.10   0.82760242
140.20   0.82759062
140.30   0.82757882
140.40   0.82756704
140.50   0.82755526
140.60   0.82754349
140.70   0.82753173
140.80   0.82751997
140.90   0.82750823
141.00   0.82749649
141.10   0.82748475
141.20   0.82747303
141.30   0.82746131
141.40   0.82744960
141.50   0.82743789
141.60   0.82742620
141.70   0.82741451
141.80   0.82740283
141.90   0.82739115
142.00   0.82737948
142.10   0.82736782
142.20   0.82735617
142.30   0.82734453
142.40   0.82733289
142.50   0.82732126
142.60   0.82730963
142.70   0.82729802
142.80   0.82728641
142.90   0.82727481
143.00   0.82726321
143.10   0.82725162
143.20   0.82724004
143.30   0.82722847
143.40   0.82721690
143.50   0.82720535
143.60   0.82719380
143.70   0.82718225
143.80   0.82717071
143.90   0.82715918
144.00   0.82714766
144.10   0.82713615
144.20   0.82712464
144.30   0.82711314
144.40   0.82710164
144.50   0.82709016
144.60   0.82707868
144.70   0.82706721
144.80   0.82705574
144.90   0.82704428
145.00   0.82703283
145.10   0.82702139
145.20   0.82700995
145.30   0.82699852
145.40   0.82698710
145.50   0.82697568
145.60   0.82696428
145.70   0.82695288
145.80   0.82694148
145.90   0.82693010
146.00   0.82691872
146.10   0.82690734
146.20   0.82689598
146.30   0.82688462
146.40   0.82687327
146.50   0.82686192
146.60   0.82685059
146.70   0.82683926
146.80   0.82682793
146.90   0.82681662
147.00   0.82680531
147.10   0.82679401
147.20   0.82678271
147.30   0.82677142
147.40   0.82676014
147.50   0.82674887
147.60   0.82673760
147.70   0.82672634
147.80   0.82671509
147.90   0.82670384
148.00   0.82669260
148.10   0.82668137
148.20   0.82667015
148.30   0.82665893
148.40   0.82664772
148.50   0.82663651
148.60   0.82662532
148.70   0.82661413
148.80   0.82660294
148.90   0.82659177
149.00   0.82658060
149.10   0.82656943
149.20   0.82655828
149.30   0.82654713
149.40   0.82653599
149.50   0.82652485
149.60   0.82651373
149.70   0.82650261
149.80   0.82649149
149.90   0.82648039
150.00   0.82646929
150.10   0.82645819
150.20   0.82644711
150.30   0.82643603
150.40   0.82642495
150.50   0.82641389
150.60   0.82640283
150.70   0.82639178
150.80   0.82638073
150.90   0.82636969
151.00   0.82635866
151.10   0.82634764
151.20   0.82633662
151.30   0.82632561
151.40   0.82631460
151.50   0.82630361
151.60   0.82629262
151.70   0.82628163
151.80   0.82627066
151.90   0.82625969
152.00   0.82624872
152.10   0.82623777
152.20   0.82622682
152.30   0.82621587
152.40   0.82620494
152.50   0.82619401
152.60   0.82618309
152.70   0.82617217
152.80   0.82616126
152.90   0.82615036
153.00   0.82613946
153.10   0.82612858
153.20   0.82611769
153.30   0.82610682
153.40   0.82609595
153.50   0.82608509
153.60   0.82607423
153.70   0.82606338
153.80   0.82605254
153.90   0.82604171
154.00   0.82603088
154.10   0.82602006
154.20   0.82600924
154.30   0.82599844
154.40   0.82598763
154.50   0.82597684
154.60   0.82596605
154.70   0.82595527
154.80   0.82594449
154.90   0.82593373
155.00   0.82592297
155.10   0.82591221
155.20   0.82590146
155.30   0.82589072
155.40   0.82587999
155.50   0.82586926
155.60   0.82585854
155.70   0.82584782
155.80   0.82583711
155.90   0.82582641
156.00   0.82581572
156.10   0.82580503
156.20   0.82579435
156.30   0.82578367
156.40   0.82577300
156.50   0.82576234
156.60   0.82575169
156.70   0.82574104
156.80   0.82573040
156.90   0.82571976
157.00   0.82570913
157.10   0.82569851
157.20   0.82568789
157.30   0.82567728
157.40   0.82566668
157.50   0.82565608
157.60   0.82564549
157.70   0.82563491
157.80   0.82562434
157.90   0.82561377
158.00   0.82560320
158.10   0.82559264
158.20   0.82558209
158.30   0.82557155
158.40   0.82556101
158.50   0.82555048
158.60   0.82553996
158.70   0.82552944
158.80   0.82551893
158.90   0.82550842
159.00   0.82549792
159.10   0.82548743
159.20   0.82547695
159.30   0.82546647
159.40   0.82545600
159.50   0.82544553
159.60   0.82543507
159.70   0.82542462
159.80   0.82541417
159.90   0.82540373
160.00   0.82539330
160.10   0.82538287
160.20   0.82537245
160.30   0.82536203
160.40   0.82535163
160.50   0.82534122
160.60   0.82533083
160.70   0.82532044
160.80   0.82531006
160.90   0.82529968
161.00   0.82528931
161.10   0.82527895
161.20   0.82526859
161.30   0.82525824
161.40   0.82524790
161.50   0.82523756
161.60   0.82522723
161.70   0.82521690
161.80   0.82520659
161.90   0.82519627
162.00   0.82518597
162.10   0.82517567
162.20   0.82516538
162.30   0.82515509
162.40   0.82514481
162.50   0.82513454
162.60   0.82512427
162.70   0.82511401
162.80   0.82510375
162.90   0.82509350
163.00   0.82508326
163.10   0.82507302
163.20   0.82506279
163.30   0.82505257
163.40   0.82504235
163.50   0.82503214
163.60   0.82502194
163.70   0.82501174
163.80   0.82500155
163.90   0.82499136
164.00   0.82498118
164.10   0.82497101
164.20   0.82496084
164.30   0.82495068
164.40   0.82494053
164.50   0.82493038
164.60   0.82492024
164.70   0.82491010
164.80   0.82489997
164.90   0.82488985
165.00   0.82487973
165.10   0.82486962
165.20   0.82485952
165.30   0.82484942
165.40   0.82483933
165.50   0.82482924
165.60   0.82481916
165.70   0.82480909
165.80   0.82479902
165.90   0.82478896
166.00   0.82477891
166.10   0.82476886
166.20   0.82475882
166.30   0.82474878
166.40   0.82473875
166.50   0.82472873
166.60   0.82471871
166.70   0.82470870
166.80   0.82469870
166.90   0.82468870
167.00   0.82467870
167.10   0.82466872
167.20   0.82465874
167.30   0.82464876
167.40   0.82463879
167.50   0.82462883
167.60   0.82461888
167.70   0.82460893
167.80   0.82459898
167.90   0.82458904
168.00   0.82457911
168.10   0.82456919
168.20   0.82455927
168.30   0.82454936
168.40   0.82453945
168.50   0.82452955
168.60   0.82451965
168.70   0.82450976
168.80   0.82449988
168.90   0.82449000
169.00   0.82448013
169.10   0.82447027
169.20   0.82446041
169.30   0.82445056
169.40   0.82444071
169.50   0.82443087
169.60   0.82442104
169.70   0.82441121
169.80   0.82440139
169.90   0.82439157
170.00   0.82438176
170.10   0.82437196
170.20   0.82436216
170.30   0.82435237
170.40   0.82434258
170.50   0.82433280
170.60   0.82432303
170.70   0.82431326
170.80   0.82430350
170.90   0.82429375
171.00   0.82428400
171.10   0.82427425
171.20   0.82426451
171.30   0.82425478
171.40   0.82424506
171.50   0.82423534
171.60   0.82422562
171.70   0.82421592
171.80   0.82420621
171.90   0.82419652
172.00   0.82418683
172.10   0.82417715
172.20   0.82416747
172.30   0.82415780
172.40   0.82414813
172.50   0.82413847
172.60   0.82412882
172.70   0.82411917
172.80   0.82410953
172.90   0.82409989
173.00   0.82409026
173.10   0.82408063
173.20   0.82407102
173.30   0.82406140
173.40   0.82405180
173.50   0.82404220
173.60   0.82403260
173.70   0.82402301
173.80   0.82401343
173.90   0.82400385
174.00   0.82399428
174.10   0.82398471
174.20   0.82397516
174.30   0.82396560
174.40   0.82395605
174.50   0.82394651
174.60   0.82393698
174.70   0.82392745
174.80   0.82391792
174.90   0.82390840
175.00   0.82389889
175.10   0.82388938
175.20   0.82387988
175.30   0.82387039
175.40   0.82386090
175.50   0.82385142
175.60   0.82384194
175.70   0.82383247
175.80   0.82382300
175.90   0.82381354
176.00   0.82380409
176.10   0.82379464
176.20   0.82378519
176.30   0.82377576
176.40   0.82376633
176.50   0.82375690
176.60   0.82374748
176.70   0.82373807
176.80   0.82372866
176.90   0.82371926
177.00   0.82370986
177.10   0.82370047
177.20   0.82369109
177.30   0.82368171
177.40   0.82367234
177.50   0.82366297
177.60   0.82365361
177.70   0.82364425
177.80   0.82363490
177.90   0.82362556
178.00   0.82361622
178.10   0.82360688
178.20   0.82359756
178.30   0.82358824
178.40   0.82357892
178.50   0.82356961
178.60   0.82356031
178.70   0.82355101
178.80   0.82354171
178.90   0.82353243
179.00   0.82352315
179.10   0.82351387
179.20   0.82350460
179.30   0.82349534
179.40   0.82348608
179.50   0.82347682
179.60   0.82346758
179.70   0.82345833
179.80   0.82344910
179.90   0.82343987
180.00   0.82343064
180.10   0.82342143
180.20   0.82341221
180.30   0.82340300
180.40   0.82339380
180.50   0.82338461
180.60   0.82337542
180.70   0.82336623
180.80   0.82335705
180.90   0.82334788
181.00   0.82333871
181.10   0.82332955
181.20   0.82332039
181.30   0.82331124
181.40   0.82330209
181.50   0.82329295
181.60   0.82328382
181.70   0.82327469
181.80   0.82326557
181.90   0.82325645
182.00   0.82324734
182.10   0.82323823
182.20   0.82322913
182.30   0.82322004
182.40   0.82321095
182.50   0.82320186
182.60   0.82319279
182.70   0.82318371
182.80   0.82317465
182.90   0.82316558
183.00   0.82315653
183.10   0.82314748
183.20   0.82313843
183.30   0.82312939
183.40   0.82312036
183.50   0.82311133
183.60   0.82310231
183.70   0.82309329
183.80   0.82308428
183.90   0.82307527
184.00   0.82306627
184.10   0.82305728
184.20   0.82304829
184.30   0.82303930
184.40   0.82303033
184.50   0.82302135
184.60   0.82301239
184.70   0.82300342
184.80   0.82299447
184.90   0.82298552
185.00   0.82297657
185.10   0.82296763
185.20   0.82295870
185.30   0.82294977
185.40   0.82294084
185.50   0.82293193
185.60   0.82292301
185.70   0.82291411
185.80   0.82290521
185.90   0.82289631
186.00   0.82288742
186.10   0.82287853
186.20   0.82286965
186.30   0.82286078
186.40   0.82285191
186.50   0.82284305
186.60   0.82283419
186.70   0.82282534
186.80   0.82281649
186.90   0.82280765
187.00   0.82279881
187.10   0.82278998
187.20   0.82278116
187.30   0.82277234
187.40   0.82276352
187.50   0.82275471
187.60   0.82274591
187.70   0.82273711
187.80   0.82272832
187.90   0.82271953
188.00   0.82271075
188.10   0.82270197
188.20   0.82269320
188.30   0.82268443
188.40   0.82267567
188.50   0.82266692
188.60   0.82265817
188.70   0.82264942
188.80   0.82264069
188.90   0.82263195
189.00   0.82262322
189.10   0.82261450
189.20   0.82260578
189.30   0.82259707
189.40   0.82258836
189.50   0.82257966
189.60   0.82257097
189.70   0.82256228
189.80   0.82255359
189.90   0.82254491
190.00   0.82253624
190.10   0.82252757
190.20   0.82251890
190.30   0.82251024
190.40   0.82250159
190.50   0.82249294
190.60   0.82248430
190.70   0.82247566
190.80   0.82246703
190.90   0.82245840
191.00   0.82244978
191.10   0.82244116
191.20   0.82243255
191.30   0.82242395
191.40   0.82241535
191.50   0.82240675
191.60   0.82239816
191.70   0.82238957
191.80   0.82238100
191.90   0.82237242
192.00   0.82236385
192.10   0.82235529
192.20   0.82234673
192.30   0.82233818
192.40   0.82232963
192.50   0.82232109
192.60   0.82231255
192.70   0.82230402
192.80   0.82229549
192.90   0.82228697
193.00   0.82227845
193.10   0.82226994
193.20   0.82226143
193.30   0.82225293
193.40   0.82224444
193.50   0.82223595
193.60   0.82222746
193.70   0.82221898
193.80   0.82221051
193.90   0.82220204
194.00   0.82219357
194.10   0.82218511
194.20   0.82217666
194.30   0.82216821
194.40   0.82215977
194.50   0.82215133
194.60   0.82214290
194.70   0.82213447
194.80   0.82212605
194.90   0.82211763
195.00   0.82210922
195.10   0.82210081
195.20   0.82209241
195.30   0.82208401
195.40   0.82207562
195.50   0.82206723
195.60   0.82205885
195.70   0.82205047
195.80   0.82204210
195.90   0.82203373
196.00   0.82202537
196.10   0.82201702
196.20   0.82200867
196.30   0.82200032
196.40   0.82199198
196.50   0.82198364
196.60   0.82197531
196.70   0.82196699
196.80   0.82195867
196.90   0.82195035
197.00   0.82194204
197.10   0.82193374
197.20   0.82192544
197.30   0.82191715
197.40   0.82190886
197.50   0.82190057
197.60   0.82189229
197.70   0.82188402
197.80   0.82187575
197.90   0.82186748
198.00   0.82185923
198.10   0.82185097
198.20   0.82184272
198.30   0.82183448
198.40   0.82182624
198.50   0.82181801
198.60   0.82180978
198.70   0.82180155
198.80   0.82179334
198.90   0.82178512
199.00   0.82177691
199.10   0.82176871
199.20   0.82176051
199.30   0.82175232
199.40   0.82174413
199.50   0.82173595
199.60   0.82172777
199.70   0.82171959
199.80   0.82171143
199.90   0.82170326
200.00   0.82169510
200.10   0.82168695
200.20   0.82167880
200.30   0.82167066
200.40   0.82166252
200.50   0.82165439
200.60   0.82164626
200.70   0.82163814
200.80   0.82163002
200.90   0.82162191
201.00   0.82161380
201.10   0.82160569
201.20   0.82159760
201.30   0.82158950
201.40   0.82158141
201.50   0.82157333
201.60   0.82156525
201.70   0.82155718
201.80   0.82154911
201.90   0.82154105
202.00   0.82153299
202.10   0.82152493
202.20   0.82151688
202.30   0.82150884
202.40   0.82150080
202.50   0.82149277
202.60   0.82148474
202.70   0.82147671
202.80   0.82146869
202.90   0.82146068
203.00   0.82145267
203.10   0.82144467
203.20   0.82143667
203.30   0.82142867
203.40   0.82142068
203.50   0.82141270
203.60   0.82140472
203.70   0.82139674
203.80   0.82138877
203.90   0.82138081
204.00   0.82137285
204.10   0.82136489
204.20   0.82135694
204.30   0.82134899
204.40   0.82134105
204.50   0.82133312
204.60   0.82132519
204.70   0.82131726
204.80   0.82130934
204.90   0.82130142
205.00   0.82129351
205.10   0.82128560
205.20   0.82127770
205.30   0.82126981
205.40   0.82126191
205.50   0.82125403
205.60   0.82124614
205.70   0.82123826
205.80   0.82123039
205.90   0.82122252
206.00   0.82121466
206.10   0.82120680
206.20   0.82119895
206.30   0.82119110
206.40   0.82118326
206.50   0.82117542
206.60   0.82116758
206.70   0.82115975
206.80   0.82115193
206.90   0.82114411
207.00   0.82113629
207.10   0.82112848
207.20   0.82112068
207.30   0.82111288
207.40   0.82110508
207.50   0.82109729
207.60   0.82108950
207.70   0.82108172
207.80   0.82107394
207.90   0.82106617
208.00   0.82105840
208.10   0.82105064
208.20   0.82104288
208.30   0.82103513
208.40   0.82102738
208.50   0.82101964
208.60   0.82101190
208.70   0.82100417
208.80   0.82099644
208.90   0.82098871
209.00   0.82098099
209.10   0.82097328
209.20   0.82096557
209.30   0.82095786
209.40   0.82095016
209.50   0.82094246
209.60   0.82093477
209.70   0.82092709
209.80   0.82091940
209.90   0.82091173
210.00   0.82090405
210.10   0.82089639
210.20   0.82088872
210.30   0.82088106
210.40   0.82087341
210.50   0.82086576
210.60   0.82085812
210.70   0.82085048
210.80   0.82084284
210.90   0.82083521
211.00   0.82082759
211.10   0.82081996
211.20   0.82081235
211.30   0.82080474
211.40   0.82079713
211.50   0.82078953
211.60   0.82078193
211.70   0.82077434
211.80   0.82076675
211.90   0.82075916
212.00   0.82075159
212.10   0.82074401
212.20   0.82073644
212.30   0.82072888
212.40   0.82072132
212.50   0.82071376
212.60   0.82070621
212.70   0.82069866
212.80   0.82069112
212.90   0.82068358
213.00   0.82067605
213.10   0.82066852
213.20   0.82066100
213.30   0.82065348
213.40   0.82064597
213.50   0.82063846
213.60   0.82063095
213.70   0.82062345
213.80   0.82061595
213.90   0.82060846
214.00   0.82060098
214.10   0.82059349
214.20   0.82058602
214.30   0.82057854
214.40   0.82057108
214.50   0.82056361
214.60   0.82055615
214.70   0.82054870
214.80   0.82054125
214.90   0.82053380
215.00   0.82052636
215.10   0.82051893
215.20   0.82051150
215.30   0.82050407
215.40   0.82049665
215.50   0.82048923
215.60   0.82048181
215.70   0.82047441
215.80   0.82046700
215.90   0.82045960
216.00   0.82045221
216.10   0.82044481
216.20   0.82043743
216.30   0.82043005
216.40   0.82042267
216.50   0.82041530
216.60   0.82040793
216.70   0.82040057
216.80   0.82039321
216.90   0.82038585
217.00   0.82037850
217.10   0.82037116
217.20   0.82036382
217.30   0.82035648
217.40   0.82034915
217.50   0.82034182
217.60   0.82033450
217.70   0.82032718
217.80   0.82031986
217.90   0.82031255
218.00   0.82030525
218.10   0.82029795
218.20   0.82029065
218.30   0.82028336
218.40   0.82027607
218.50   0.82026879
218.60   0.82026151
218.70   0.82025424
218.80   0.82024697
218.90   0.82023970
219.00   0.82023244
219.10   0.82022519
219.20   0.82021794
219.30   0.82021069
219.40   0.82020345
219.50   0.82019621
219.60   0.82018897
219.70   0.82018175
219.80   0.82017452
219.90   0.82016730
220.00   0.82016008
220.10   0.82015287
220.20   0.82014567
220.30   0.82013846
220.40   0.82013126
220.50   0.82012407
220.60   0.82011688
220.70   0.82010970
220.80   0.82010252
220.90   0.82009534
221.00   0.82008817
221.10   0.82008100
221.20   0.82007384
221.30   0.82006668
221.40   0.82005952
221.50   0.82005237
221.60   0.82004523
221.70   0.82003809
221.80   0.82003095
221.90   0.82002382
222.00   0.82001669
222.10   0.82000957
222.20   0.82000245
222.30   0.81999533
222.40   0.81998822
222.50   0.81998112
222.60   0.81997401
222.70   0.81996692
222.80   0.81995982
222.90   0.81995273
223.00   0.81994565
223.10   0.81993857
223.20   0.81993149
223.30   0.81992442
223.40   0.81991736
223.50   0.81991029
223.60   0.81990323
223.70   0.81989618
223.80   0.81988913
223.90   0.81988209
224.00   0.81987504
224.10   0.81986801
224.20   0.81986098
224.30   0.81985395
224.40   0.81984692
224.50   0.81983990
224.60   0.81983289
224.70   0.81982588
224.80   0.81981887
224.90   0.81981187
225.00   0.81980487
225.10   0.81979788
225.20   0.81979089
225.30   0.81978390
225.40   0.81977692
225.50   0.81976995
225.60   0.81976297
225.70   0.81975600
225.80   0.81974904
225.90   0.81974208
226.00   0.81973513
226.10   0.81972818
226.20   0.81972123
226.30   0.81971429
226.40   0.81970735
226.50   0.81970041
226.60   0.81969348
226.70   0.81968656
226.80   0.81967964
226.90   0.81967272
227.00   0.81966581
227.10   0.81965890
227.20   0.81965200
227.30   0.81964510
227.40   0.81963820
227.50   0.81963131
227.60   0.81962442
227.70   0.81961754
227.80   0.81961066
227.90   0.81960379
228.00   0.81959691
228.10   0.81959005
228.20   0.81958319
228.30   0.81957633
228.40   0.81956948
228.50   0.81956263
228.60   0.81955578
228.70   0.81954894
228.80   0.81954210
228.90   0.81953527
229.00   0.81952844
229.10   0.81952162
229.20   0.81951480
229.30   0.81950798
229.40   0.81950117
229.50   0.81949436
229.60   0.81948756
229.70   0.81948076
229.80   0.81947397
229.90   0.81946717
230.00   0.81946039
230.10   0.81945361
230.20   0.81944683
230.30   0.81944005
230.40   0.81943328
230.50   0.81942652
230.60   0.81941976
230.70   0.81941300
230.80   0.81940625
230.90   0.81939950
231.00   0.81939275
231.10   0.81938601
231.20   0.81937927
231.30   0.81937254
231.40   0.81936581
231.50   0.81935909
231.60   0.81935237
231.70   0.81934565
231.80   0.81933894
231.90   0.81933223
232.00   0.81932553
232.10   0.81931883
232.20   0.81931213
232.30   0.81930544
232.40   0.81929875
232.50   0.81929207
232.60   0.81928539
232.70   0.81927871
232.80   0.81927204
232.90   0.81926538
233.00   0.81925871
233.10   0.81925206
233.20   0.81924540
233.30   0.81923875
233.40   0.81923210
233.50   0.81922546
233.60   0.81921882
233.70   0.81921219
233.80   0.81920556
233.90   0.81919893
234.00   0.81919231
234.10   0.81918569
234.20   0.81917908
234.30   0.81917247
234.40   0.81916586
234.50   0.81915926
234.60   0.81915266
234.70   0.81914607
234.80   0.81913948
234.90   0.81913289
235.00   0.81912631
235.10   0.81911973
235.20   0.81911316
235.30   0.81910659
235.40   0.81910003
235.50   0.81909346
235.60   0.81908691
235.70   0.81908035
235.80   0.81907380
235.90   0.81906726
236.00   0.81906072
236.10   0.81905418
236.20   0.81904765
236.30   0.81904112
236.40   0.81903459
236.50   0.81902807
236.60   0.81902155
236.70   0.81901504
236.80   0.81900853
236.90   0.81900203
237.00   0.81899552
237.10   0.81898903
237.20   0.81898253
237.30   0.81897604
237.40   0.81896956
237.50   0.81896308
237.60   0.81895660
237.70   0.81895013
237.80   0.81894366
237.90   0.81893719
238.00   0.81893073
238.10   0.81892427
238.20   0.81891782
238.30   0.81891137
238.40   0.81890492
238.50   0.81889848
238.60   0.81889204
238.70   0.81888561
238.80   0.81887918
238.90   0.81887275
239.00   0.81886633
239.10   0.81885991
239.20   0.81885350
239.30   0.81884709
239.40   0.81884068
239.50   0.81883428
239.60   0.81882788
239.70   0.81882149
239.80   0.81881510
239.90   0.81880871
240.00   0.81880233
240.10   0.81879595
240.20   0.81878957
240.30   0.81878320
240.40   0.81877684
240.50   0.81877047
240.60   0.81876411
240.70   0.81875776
240.80   0.81875141
240.90   0.81874506
241.00   0.81873871
241.10   0.81873237
241.20   0.81872604
241.30   0.81871971
241.40   0.81871338
241.50   0.81870705
241.60   0.81870073
241.70   0.81869442
241.80   0.81868810
241.90   0.81868180
242.00   0.81867549
242.10   0.81866919
242.20   0.81866289
242.30   0.81865660
242.40   0.81865031
242.50   0.81864402
242.60   0.81863774
242.70   0.81863146
242.80   0.81862519
242.90   0.81861892
243.00   0.81861265
243.10   0.81860639
243.20   0.81860013
243.30   0.81859388
243.40   0.81858763
243.50   0.81858138
243.60   0.81857513
243.70   0.81856890
243.80   0.81856266
243.90   0.81855643
244.00   0.81855020
244.10   0.81854398
244.20   0.81853776
244.30   0.81853154
244.40   0.81852533
244.50   0.81851912
244.60   0.81851291
244.70   0.81850671
244.80   0.81850051
244.90   0.81849432
245.00   0.81848813
245.10   0.81848194
245.20   0.81847576
245.30   0.81846958
245.40   0.81846341
245.50   0.81845724
245.60   0.81845107
245.70   0.81844490
245.80   0.81843875
245.90   0.81843259
246.00   0.81842644
246.10   0.81842029
246.20   0.81841414
246.30   0.81840800
246.40   0.81840187
246.50   0.81839573
246.60   0.81838960
246.70   0.81838348
246.80   0.81837736
246.90   0.81837124
247.00   0.81836512
247.10   0.81835901
247.20   0.81835291
247.30   0.81834680
247.40   0.81834070
247.50   0.81833461
247.60   0.81832851
247.70   0.81832243
247.80   0.81831634
247.90   0.81831026
248.00   0.81830418
248.10   0.81829811
248.20   0.81829204
248.30   0.81828597
248.40   0.81827991
248.50   0.81827385
248.60   0.81826780
248.70   0.81826175
248.80   0.81825570
248.90   0.81824966
249.00   0.81824362
249.10   0.81823758
249.20   0.81823155
249.30   0.81822552
249.40   0.81821949
249.50   0.81821347
249.60   0.81820746
249.70   0.81820144
249.80   0.81819543
249.90   0.81818942
250.00   0.81818342
250.10   0.81817742
250.20   0.81817143
250.30   0.81816543
250.40   0.81815945
250.50   0.81815346
250.60   0.81814748
250.70   0.81814150
250.80   0.81813553
250.90   0.81812956
251.00   0.81812359
251.10   0.81811763
251.20   0.81811167
251.30   0.81810572
251.40   0.81809976
251.50   0.81809382
251.60   0.81808787
251.70   0.81808193
251.80   0.81807599
251.90   0.81807006
252.00   0.81806413
252.10   0.81805820
252.20   0.81805228
252.30   0.81804636
252.40   0.81804045
252.50   0.81803454
252.60   0.81802863
252.70   0.81802272
252.80   0.81801682
252.90   0.81801093
253.00   0.81800503
253.10   0.81799914
253.20   0.81799326
253.30   0.81798737
253.40   0.81798149
253.50   0.81797562
253.60   0.81796975
253.70   0.81796388
253.80   0.81795801
253.90   0.81795215
254.00   0.81794629
254.10   0.81794044
254.20   0.81793459
254.30   0.81792874
254.40   0.81792290
254.50   0.81791706
254.60   0.81791123
254.70   0.81790539
254.80   0.81789956
254.90   0.81789374
255.00   0.81788792
255.10   0.81788210
255.20   0.81787628
255.30   0.81787047
255.40   0.81786467
255.50   0.81785886
255.60   0.81785306
255.70   0.81784726
255.80   0.81784147
255.90   0.81783568
256.00   0.81782990
256.10   0.81782411
256.20   0.81781833
256.30   0.81781256
256.40   0.81780679
256.50   0.81780102
256.60   0.81779525
256.70   0.81778949
256.80   0.81778373
256.90   0.81777798
257.00   0.81777223
257.10   0.81776648
257.20   0.81776074
257.30   0.81775500
257.40   0.81774926
257.50   0.81774353
257.60   0.81773780
257.70   0.81773207
257.80   0.81772635
257.90   0.81772063
258.00   0.81771492
258.10   0.81770920
258.20   0.81770350
258.30   0.81769779
258.40   0.81769209
258.50   0.81768639
258.60   0.81768070
258.70   0.81767501
258.80   0.81766932
258.90   0.81766363
259.00   0.81765795
259.10   0.81765228
259.20   0.81764660
259.30   0.81764093
259.40   0.81763527
259.50   0.81762960
259.60   0.81762394
259.70   0.81761829
259.80   0.81761263
259.90   0.81760698
260.00   0.81760134
260.10   0.81759570
260.20   0.81759006
260.30   0.81758442
260.40   0.81757879
260.50   0.81757316
260.60   0.81756754
260.70   0.81756191
260.80   0.81755630
260.90   0.81755068
261.00   0.81754507
261.10   0.81753946
261.20   0.81753386
261.30   0.81752826
261.40   0.81752266
261.50   0.81751707
261.60   0.81751147
261.70   0.81750589
261.80   0.81750030
261.90   0.81749472
262.00   0.81748915
262.10   0.81748357
262.20   0.81747800
262.30   0.81747244
262.40   0.81746687
262.50   0.81746131
262.60   0.81745576
262.70   0.81745020
262.80   0.81744465
262.90   0.81743911
263.00   0.81743356
263.10   0.81742802
263.20   0.81742249
263.30   0.81741696
263.40   0.81741143
263.50   0.81740590
263.60   0.81740038
263.70   0.81739486
263.80   0.81738934
263.90   0.81738383
264.00   0.81737832
264.10   0.81737282
264.20   0.81736731
264.30   0.81736181
264.40   0.81735632
264.50   0.81735083
264.60   0.81734534
264.70   0.81733985
264.80   0.81733437
264.90   0.81732889
265.00   0.81732342
265.10   0.81731794
265.20   0.81731248
265.30   0.81730701
265.40   0.81730155
265.50   0.81729609
265.60   0.81729064
265.70   0.81728518
265.80   0.81727974
265.90   0.81727429
266.00   0.81726885
266.10   0.81726341
266.20   0.81725797
266.30   0.81725254
266.40   0.81724711
266.50   0.81724169
266.60   0.81723627
266.70   0.81723085
266.80   0.81722543
266.90   0.81722002
267.00   0.81721461
267.10   0.81720921
267.20   0.81720381
267.30   0.81719841
267.40   0.81719301
267.50   0.81718762
267.60   0.81718223
267.70   0.81717685
267.80   0.81717146
267.90   0.81716608
268.00   0.81716071
268.10   0.81715534
268.20   0.81714997
268.30   0.81714460
268.40   0.81713924
268.50   0.81713388
268.60   0.81712853
268.70   0.81712317
268.80   0.81711782
268.90   0.81711248
269.00   0.81710714
269.10   0.81710180
269.20   0.81709646
269.30   0.81709113
269.40   0.81708580
269.50   0.81708047
269.60   0.81707515
269.70   0.81706983
269.80   0.81706451
269.90   0.81705920
270.00   0.81705389
270.10   0.81704858
270.20   0.81704328
270.30   0.81703798
270.40   0.81703268
270.50   0.81702739
270.60   0.81702210
270.70   0.81701681
270.80   0.81701153
270.90   0.81700625
271.00   0.81700097
271.10   0.81699569
271.20   0.81699042
271.30   0.81698516
271.40   0.81697989
271.50   0.81697463
271.60   0.81696937
271.70   0.81696412
271.80   0.81695887
271.90   0.81695362
272.00   0.81694837
272.10   0.81694313
272.20   0.81693789
272.30   0.81693266
272.40   0.81692742
272.50   0.81692219
272.60   0.81691697
272.70   0.81691175
272.80   0.81690653
272.90   0.81690131
273.00   0.81689610
273.10   0.81689089
273.20   0.81688568
273.30   0.81688048
273.40   0.81687528
273.50   0.81687008
273.60   0.81686489
273.70   0.81685969
273.80   0.81685451
273.90   0.81684932
274.00   0.81684414
274.10   0.81683896
274.20   0.81683379
274.30   0.81682862
274.40   0.81682345
274.50   0.81681828
274.60   0.81681312
274.70   0.81680796
274.80   0.81680281
274.90   0.81679765
275.00   0.81679250
275.10   0.81678736
275.20   0.81678221
275.30   0.81677707
275.40   0.81677194
275.50   0.81676680
275.60   0.81676167
275.70   0.81675654
275.80   0.81675142
275.90   0.81674630
276.00   0.81674118
276.10   0.81673607
276.20   0.81673095
276.30   0.81672585
276.40   0.81672074
276.50   0.81671564
276.60   0.81671054
276.70   0.81670544
276.80   0.81670035
276.90   0.81669526
277.00   0.81669017
277.10   0.81668509
277.20   0.81668001
277.30   0.81667493
277.40   0.81666986
277.50   0.81666479
277.60   0.81665972
277.70   0.81665465
277.80   0.81664959
277.90   0.81664453
278.00   0.81663948
278.10   0.81663442
278.20   0.81662937
278.30   0.81662433
278.40   0.81661928
278.50   0.81661424
278.60   0.81660921
278.70   0.81660417
278.80   0.81659914
278.90   0.81659411
279.00   0.81658909
279.10   0.81658407
279.20   0.81657905
279.30   0.81657403
279.40   0.81656902
279.50   0.81656401
279.60   0.81655901
279.70   0.81655400
279.80   0.81654900
279.90   0.81654401
280.00   0.81653901
280.10   0.81653402
280.20   0.81652903
280.30   0.81652405
280.40   0.81651907
280.50   0.81651409
280.60   0.81650911
280.70   0.81650414
280.80   0.81649917
280.90   0.81649420
281.00   0.81648924
281.10   0.81648428
281.20   0.81647932
281.30   0.81647437
281.40   0.81646942
281.50   0.81646447
281.60   0.81645952
281.70   0.81645458
281.80   0.81644964
281.90   0.81644471
282.00   0.81643977
282.10   0.81643484
282.20   0.81642992
282.30   0.81642499
282.40   0.81642007
282.50   0.81641515
282.60   0.81641024
282.70   0.81640533
282.80   0.81640042
282.90   0.81639551
283.00   0.81639061
283.10   0.81638571
283.20   0.81638081
283.30   0.81637592
283.40   0.81637103
283.50   0.81636614
283.60   0.81636125
283.70   0.81635637
283.80   0.81635149
283.90   0.81634662
284.00   0.81634174
284.10   0.81633687
284.20   0.81633201
284.30   0.81632714
284.40   0.81632228
284.50   0.81631742
284.60   0.81631257
284.70   0.81630772
284.80   0.81630287
284.90   0.81629802
285.00   0.81629318
285.10   0.81628834
285.20   0.81628350
285.30   0.81627867
285.40   0.81627383
285.50   0.81626901
285.60   0.81626418
285.70   0.81625936
285.80   0.81625454
285.90   0.81624972
286.00   0.81624491
286.10   0.81624010
286.20   0.81623529
286.30   0.81623049
286.40   0.81622568
286.50   0.81622089
286.60   0.81621609
286.70   0.81621130
286.80   0.81620651
286.90   0.81620172
287.00   0.81619694
287.10   0.81619215
287.20   0.81618738
287.30   0.81618260
287.40   0.81617783
287.50   0.81617306
287.60   0.81616829
287.70   0.81616353
287.80   0.81615877
287.90   0.81615401
288.00   0.81614926
288.10   0.81614450
288.20   0.81613975
288.30   0.81613501
288.40   0.81613026
288.50   0.81612552
288.60   0.81612079
288.70   0.81611605
288.80   0.81611132
288.90   0.81610659
289.00   0.81610187
289.10   0.81609714
289.20   0.81609242
289.30   0.81608771
289.40   0.81608299
289.50   0.81607828
289.60   0.81607357
289.70   0.81606887
289.80   0.81606416
289.90   0.81605946
290.00   0.81605477
290.10   0.81605007
290.20   0.81604538
290.30   0.81604069
290.40   0.81603601
290.50   0.81603133
290.60   0.81602665
290.70   0.81602197
290.80   0.81601730
290.90   0.81601263
291.00   0.81600796
291.10   0.81600329
291.20   0.81599863
291.30   0.81599397
291.40   0.81598931
291.50   0.81598466
291.60   0.81598001
291.70   0.81597536
291.80   0.81597071
291.90   0.81596607
292.00   0.81596143
292.10   0.81595680
292.20   0.81595216
292.30   0.81594753
292.40   0.81594290
292.50   0.81593828
292.60   0.81593365
292.70   0.81592904
292.80   0.81592442
292.90   0.81591980
293.00   0.81591519
293.10   0.81591058
293.20   0.81590598
293.30   0.81590138
293.40   0.81589678
293.50   0.81589218
293.60   0.81588758
293.70   0.81588299
293.80   0.81587840
293.90   0.81587382
294.00   0.81586924
294.10   0.81586466
294.20   0.81586008
294.30   0.81585550
294.40   0.81585093
294.50   0.81584636
294.60   0.81584180
294.70   0.81583723
294.80   0.81583267
294.90   0.81582811
295.00   0.81582356
295.10   0.81581901
295.20   0.81581446
295.30   0.81580991
295.40   0.81580537
295.50   0.81580083
295.60   0.81579629
295.70   0.81579175
295.80   0.81578722
295.90   0.81578269
296.00   0.81577816
296.10   0.81577364
296.20   0.81576912
296.30   0.81576460
296.40   0.81576008
296.50   0.81575557
296.60   0.81575106
296.70   0.81574655
296.80   0.81574205
296.90   0.81573754
297.00   0.81573304
297.10   0.81572855
297.20   0.81572405
297.30   0.81571956
297.40   0.81571507
297.50   0.81571059
297.60   0.81570610
297.70   0.81570162
297.80   0.81569715
297.90   0.81569267
298.00   0.81568820
298.10   0.81568373
298.20   0.81567926
298.30   0.81567480
298.40   0.81567034
298.50   0.81566588
298.60   0.81566143
298.70   0.81565697
298.80   0.81565252
298.90   0.81564808
299.00   0.81564363
299.10   0.81563919
299.20   0.81563475
299.30   0.81563031
299.40   0.81562588
299.50   0.81562145
299.60   0.81561702
299.70   0.81561260
299.80   0.81560817
299.90   0.81560375
300.00   0.81559934
