  Time Stress
  0.00   2.00147000
  0.10   1.99935390
  0.20   1.99728644
  0.30   1.99526628
  0.40   1.99329211
  0.50   1.99136265
  0.60   1.98947666
  0.70   1.98763294
  0.80   1.98583032
  0.90   1.98406767
  1.00   1.98234389
  1.10   1.98065789
  1.20   1.97900865
  1.30   1.97739514
  1.40   1.97581639
  1.50   1.97427143
  1.60   1.97275935
  1.70   1.97127923
  1.80   1.96983021
  1.90   1.96841142
  2.00   1.96702204
  2.10   1.96566127
  2.20   1.96432833
  2.30   1.96302245
  2.40   1.96174290
  2.50   1.96048897
  2.60   1.95925994
  2.70   1.95805516
  2.80   1.95687395
  2.90   1.95571568
  3.00   1.95457973
  3.10   1.95346550
  3.20   1.95237239
  3.30   1.95129984
  3.40   1.95024730
  3.50   1.94921422
  3.60   1.94820008
  3.70   1.94720438
  3.80   1.94622662
  3.90   1.94526632
  4.00   1.94432301
  4.10   1.94339625
  4.20   1.94248558
  4.30   1.94159059
  4.40   1.94071085
  4.50   1.93984596
  4.60   1.93899553
  4.70   1.93815918
  4.80   1.93733654
  4.90   1.93652724
  5.00   1.93573093
  5.10   1.93494728
  5.20   1.93417595
  5.30   1.93341662
  5.40   1.93266898
  5.50   1.93193272
  5.60   1.93120755
  5.70   1.93049319
  5.80   1.92978935
  5.90   1.92909575
  6.00   1.92841215
  6.10   1.92773828
  6.20   1.92707390
  6.30   1.92641875
  6.40   1.92577261
  6.50   1.92513525
  6.60   1.92450644
  6.70   1.92388597
  6.80   1.92327363
  6.90   1.92266922
  7.00   1.92207253
  7.10   1.92148338
  7.20   1.92090157
  7.30   1.92032693
  7.40   1.91975927
  7.50   1.91919843
  7.60   1.91864424
  7.70   1.91809653
  7.80   1.91755515
  7.90   1.91701994
  8.00   1.91649076
  8.10   1.91596745
  8.20   1.91544988
  8.30   1.91493791
  8.40   1.91443141
  8.50   1.91393024
  8.60   1.91343428
  8.70   1.91294341
  8.80   1.91245751
  8.90   1.91197646
  9.00   1.91150014
  9.10   1.91102846
  9.20   1.91056130
  9.30   1.91009856
  9.40   1.90964013
  9.50   1.90918593
  9.60   1.90873585
  9.70   1.90828980
  9.80   1.90784769
  9.90   1.90740944
 10.00   1.90697495
 10.10   1.90654415
 10.20   1.90611695
 10.30   1.90569328
 10.40   1.90527306
 10.50   1.90485621
 10.60   1.90444267
 10.70   1.90403236
 10.80   1.90362521
 10.90   1.90322117
 11.00   1.90282015
 11.10   1.90242211
 11.20   1.90202697
 11.30   1.90163468
 11.40   1.90124519
 11.50   1.90085843
 11.60   1.90047435
 11.70   1.90009289
 11.80   1.89971401
 11.90   1.89933766
 12.00   1.89896378
 12.10   1.89859232
 12.20   1.89822325
 12.30   1.89785651
 12.40   1.89749206
 12.50   1.89712986
 12.60   1.89676986
 12.70   1.89641203
 12.80   1.89605633
 12.90   1.89570271
 13.00   1.89535114
 13.10   1.89500159
 13.20   1.89465401
 13.30   1.89430837
 13.40   1.89396464
 13.50   1.89362279
 13.60   1.89328278
 13.70   1.89294458
 13.80   1.89260816
 13.90   1.89227350
 14.00   1.89194056
 14.10   1.89160932
 14.20   1.89127974
 14.30   1.89095180
 14.40   1.89062548
 14.50   1.89030075
 14.60   1.88997758
 14.70   1.88965596
 14.80   1.88933585
 14.90   1.88901724
 15.00   1.88870010
 15.10   1.88838441
 15.20   1.88807015
 15.30   1.88775730
 15.40   1.88744583
 15.50   1.88713574
 15.60   1.88682700
 15.70   1.88651958
 15.80   1.88621348
 15.90   1.88590868
 16.00   1.88560516
 16.10   1.88530289
 16.20   1.88500187
 16.30   1.88470208
 16.40   1.88440350
 16.50   1.88410612
 16.60   1.88380992
 16.70   1.88351489
 16.80   1.88322101
 16.90   1.88292827
 17.00   1.88263666
 17.10   1.88234616
 17.20   1.88205676
 17.30   1.88176845
 17.40   1.88148122
 17.50   1.88119504
 17.60   1.88090992
 17.70   1.88062583
 17.80   1.88034278
 17.90   1.88006074
 18.00   1.87977971
 18.10   1.87949967
 18.20   1.87922062
 18.30   1.87894254
 18.40   1.87866543
 18.50   1.87838928
 18.60   1.87811407
 18.70   1.87783980
 18.80   1.87756645
 18.90   1.87729403
 19.00   1.87702252
 19.10   1.87675191
 19.20   1.87648219
 19.30   1.87621336
 19.40   1.87594541
 19.50   1.87567832
 19.60   1.87541210
 19.70   1.87514674
 19.80   1.87488222
 19.90   1.87461854
 20.00   1.87435570
 20.10   1.87409368
 20.20   1.87383249
 20.30   1.87357210
 20.40   1.87331253
 20.50   1.87305375
 20.60   1.87279577
 20.70   1.87253857
 20.80   1.87228216
 20.90   1.87202653
 21.00   1.87177166
 21.10   1.87151756
 21.20   1.87126422
 21.30   1.87101163
 21.40   1.87075979
 21.50   1.87050870
 21.60   1.87025834
 21.70   1.87000871
 21.80   1.86975981
 21.90   1.86951164
 22.00   1.86926418
 22.10   1.86901744
 22.20   1.86877140
 22.30   1.86852607
 22.40   1.86828144
 22.50   1.86803750
 22.60   1.86779425
 22.70   1.86755169
 22.80   1.86730981
 22.90   1.86706861
 23.00   1.86682808
 23.10   1.86658822
 23.20   1.86634903
 23.30   1.86611050
 23.40   1.86587263
 23.50   1.86563541
 23.60   1.86539884
 23.70   1.86516292
 23.80   1.86492764
 23.90   1.86469300
 24.00   1.86445899
 24.10   1.86422562
 24.20   1.86399287
 24.30   1.86376076
 24.40   1.86352926
 24.50   1.86329838
 24.60   1.86306812
 24.70   1.86283847
 24.80   1.86260943
 24.90   1.86238099
 25.00   1.86215316
 25.10   1.86192592
 25.20   1.86169929
 25.30   1.86147324
 25.40   1.86124779
 25.50   1.86102292
 25.60   1.86079864
 25.70   1.86057494
 25.80   1.86035182
 25.90   1.86012928
 26.00   1.85990731
 26.10   1.85968591
 26.20   1.85946508
 26.30   1.85924481
 26.40   1.85902511
 26.50   1.85880596
 26.60   1.85858738
 26.70   1.85836935
 26.80   1.85815187
 26.90   1.85793494
 27.00   1.85771855
 27.10   1.85750272
 27.20   1.85728742
 27.30   1.85707267
 27.40   1.85685845
 27.50   1.85664477
 27.60   1.85643162
 27.70   1.85621900
 27.80   1.85600691
 27.90   1.85579534
 28.00   1.85558430
 28.10   1.85537378
 28.20   1.85516378
 28.30   1.85495430
 28.40   1.85474533
 28.50   1.85453687
 28.60   1.85432893
 28.70   1.85412149
 28.80   1.85391456
 28.90   1.85370813
 29.00   1.85350220
 29.10   1.85329678
 29.20   1.85309185
 29.30   1.85288742
 29.40   1.85268348
 29.50   1.85248003
 29.60   1.85227707
 29.70   1.85207460
 29.80   1.85187262
 29.90   1.85167112
 30.00   1.85147010
 30.10   1.85126956
 30.20   1.85106950
 30.30   1.85086991
 30.40   1.85067080
 30.50   1.85047216
 30.60   1.85027399
 30.70   1.85007630
 30.80   1.84987906
 30.90   1.84968229
 31.00   1.84948599
 31.10   1.84929015
 31.20   1.84909476
 31.30   1.84889984
 31.40   1.84870537
 31.50   1.84851135
 31.60   1.84831779
 31.70   1.84812467
 31.80   1.84793201
 31.90   1.84773979
 32.00   1.84754802
 32.10   1.84735669
 32.20   1.84716581
 32.30   1.84697536
 32.40   1.84678536
 32.50   1.84659579
 32.60   1.84640666
 32.70   1.84621796
 32.80   1.84602969
 32.90   1.84584185
 33.00   1.84565445
 33.10   1.84546747
 33.20   1.84528091
 33.30   1.84509478
 33.40   1.84490907
 33.50   1.84472379
 33.60   1.84453892
 33.70   1.84435447
 33.80   1.84417044
 33.90   1.84398682
 34.00   1.84380362
 34.10   1.84362082
 34.20   1.84343844
 34.30   1.84325647
 34.40   1.84307490
 34.50   1.84289374
 34.60   1.84271298
 34.70   1.84253263
 34.80   1.84235268
 34.90   1.84217312
 35.00   1.84199397
 35.10   1.84181521
 35.20   1.84163685
 35.30   1.84145888
 35.40   1.84128131
 35.50   1.84110412
 35.60   1.84092733
 35.70   1.84075092
 35.80   1.84057490
 35.90   1.84039927
 36.00   1.84022402
 36.10   1.84004915
 36.20   1.83987467
 36.30   1.83970056
 36.40   1.83952684
 36.50   1.83935349
 36.60   1.83918052
 36.70   1.83900792
 36.80   1.83883569
 36.90   1.83866384
 37.00   1.83849236
 37.10   1.83832124
 37.20   1.83815050
 37.30   1.83798012
 37.40   1.83781011
 37.50   1.83764046
 37.60   1.83747117
 37.70   1.83730225
 37.80   1.83713368
 37.90   1.83696548
 38.00   1.83679763
 38.10   1.83663014
 38.20   1.83646300
 38.30   1.83629622
 38.40   1.83612978
 38.50   1.83596371
 38.60   1.83579798
 38.70   1.83563260
 38.80   1.83546756
 38.90   1.83530288
 39.00   1.83513854
 39.10   1.83497454
 39.20   1.83481088
 39.30   1.83464757
 39.40   1.83448460
 39.50   1.83432197
 39.60   1.83415967
 39.70   1.83399771
 39.80   1.83383609
 39.90   1.83367480
 40.00   1.83351384
 40.10   1.83335322
 40.20   1.83319293
 40.30   1.83303296
 40.40   1.83287333
 40.50   1.83271402
 40.60   1.83255504
 40.70   1.83239639
 40.80   1.83223806
 40.90   1.83208005
 41.00   1.83192236
 41.10   1.83176499
 41.20   1.83160795
 41.30   1.83145122
 41.40   1.83129481
 41.50   1.83113871
 41.60   1.83098293
 41.70   1.83082747
 41.80   1.83067232
 41.90   1.83051747
 42.00   1.83036294
 42.10   1.83020872
 42.20   1.83005481
 42.30   1.82990121
 42.40   1.82974791
 42.50   1.82959492
 42.60   1.82944223
 42.70   1.82928984
 42.80   1.82913776
 42.90   1.82898598
 43.00   1.82883450
 43.10   1.82868331
 43.20   1.82853243
 43.30   1.82838184
 43.40   1.82823155
 43.50   1.82808156
 43.60   1.82793185
 43.70   1.82778244
 43.80   1.82763333
 43.90   1.82748450
 44.00   1.82733596
 44.10   1.82718772
 44.20   1.82703976
 44.30   1.82689208
 44.40   1.82674470
 44.50   1.82659760
 44.60   1.82645078
 44.70   1.82630425
 44.80   1.82615799
 44.90   1.82601202
 45.00   1.82586633
 45.10   1.82572092
 45.20   1.82557579
 45.30   1.82543093
 45.40   1.82528635
 45.50   1.82514204
 45.60   1.82499801
 45.70   1.82485426
 45.80   1.82471077
 45.90   1.82456756
 46.00   1.82442462
 46.10   1.82428195
 46.20   1.82413954
 46.30   1.82399741
 46.40   1.82385554
 46.50   1.82371394
 46.60   1.82357260
 46.70   1.82343153
 46.80   1.82329072
 46.90   1.82315018
 47.00   1.82300989
 47.10   1.82286987
 47.20   1.82273010
 47.30   1.82259060
 47.40   1.82245135
 47.50   1.82231236
 47.60   1.82217363
 47.70   1.82203515
 47.80   1.82189693
 47.90   1.82175896
 48.00   1.82162124
 48.10   1.82148378
 48.20   1.82134656
 48.30   1.82120960
 48.40   1.82107289
 48.50   1.82093642
 48.60   1.82080021
 48.70   1.82066424
 48.80   1.82052851
 48.90   1.82039304
 49.00   1.82025780
 49.10   1.82012281
 49.20   1.81998806
 49.30   1.81985356
 49.40   1.81971929
 49.50   1.81958527
 49.60   1.81945149
 49.70   1.81931794
 49.80   1.81918463
 49.90   1.81905156
 50.00   1.81891873
 50.10   1.81878613
 50.20   1.81865377
 50.30   1.81852164
 50.40   1.81838974
 50.50   1.81825808
 50.60   1.81812665
 50.70   1.81799545
 50.80   1.81786448
 50.90   1.81773374
 51.00   1.81760322
 51.10   1.81747294
 51.20   1.81734288
 51.30   1.81721305
 51.40   1.81708344
 51.50   1.81695406
 51.60   1.81682490
 51.70   1.81669597
 51.80   1.81656726
 51.90   1.81643877
 52.00   1.81631050
 52.10   1.81618245
 52.20   1.81605462
 52.30   1.81592701
 52.40   1.81579962
 52.50   1.81567245
 52.60   1.81554549
 52.70   1.81541875
 52.80   1.81529222
 52.90   1.81516591
 53.00   1.81503981
 53.10   1.81491393
 53.20   1.81478826
 53.30   1.81466280
 53.40   1.81453755
 53.50   1.81441251
 53.60   1.81428768
 53.70   1.81416306
 53.80   1.81403865
 53.90   1.81391444
 54.00   1.81379044
 54.10   1.81366665
 54.20   1.81354307
 54.30   1.81341969
 54.40   1.81329651
 54.50   1.81317354
 54.60   1.81305076
 54.70   1.81292820
 54.80   1.81280583
 54.90   1.81268366
 55.00   1.81256170
 55.10   1.81243993
 55.20   1.81231836
 55.30   1.81219699
 55.40   1.81207582
 55.50   1.81195485
 55.60   1.81183407
 55.70   1.81171348
 55.80   1.81159310
 55.90   1.81147290
 56.00   1.81135290
 56.10   1.81123310
 56.20   1.81111348
 56.30   1.81099406
 56.40   1.81087483
 56.50   1.81075579
 56.60   1.81063693
 56.70   1.81051827
 56.80   1.81039980
 56.90   1.81028151
 57.00   1.81016342
 57.10   1.81004551
 57.20   1.80992778
 57.30   1.80981024
 57.40   1.80969289
 57.50   1.80957572
 57.60   1.80945873
 57.70   1.80934193
 57.80   1.80922531
 57.90   1.80910887
 58.00   1.80899262
 58.10   1.80887654
 58.20   1.80876065
 58.30   1.80864493
 58.40   1.80852940
 58.50   1.80841404
 58.60   1.80829886
 58.70   1.80818386
 58.80   1.80806903
 58.90   1.80795438
 59.00   1.80783991
 59.10   1.80772561
 59.20   1.80761149
 59.30   1.80749754
 59.40   1.80738376
 59.50   1.80727016
 59.60   1.80715673
 59.70   1.80704347
 59.80   1.80693038
 59.90   1.80681747
 60.00   1.80670472
 60.10   1.80659214
 60.20   1.80647973
 60.30   1.80636749
 60.40   1.80625542
 60.50   1.80614352
 60.60   1.80603178
 60.70   1.80592021
 60.80   1.80580880
 60.90   1.80569756
 61.00   1.80558649
 61.10   1.80547558
 61.20   1.80536483
 61.30   1.80525424
 61.40   1.80514382
 61.50   1.80503356
 61.60   1.80492346
 61.70   1.80481353
 61.80   1.80470375
 61.90   1.80459414
 62.00   1.80448468
 62.10   1.80437538
 62.20   1.80426624
 62.30   1.80415726
 62.40   1.80404844
 62.50   1.80393977
 62.60   1.80383126
 62.70   1.80372291
 62.80   1.80361471
 62.90   1.80350667
 63.00   1.80339878
 63.10   1.80329105
 63.20   1.80318347
 63.30   1.80307604
 63.40   1.80296877
 63.50   1.80286165
 63.60   1.80275468
 63.70   1.80264786
 63.80   1.80254119
 63.90   1.80243467
 64.00   1.80232830
 64.10   1.80222208
 64.20   1.80211601
 64.30   1.80201009
 64.40   1.80190432
 64.50   1.80179869
 64.60   1.80169321
 64.70   1.80158788
 64.80   1.80148269
 64.90   1.80137765
 65.00   1.80127276
 65.10   1.80116800
 65.20   1.80106340
 65.30   1.80095894
 65.40   1.80085462
 65.50   1.80075044
 65.60   1.80064641
 65.70   1.80054251
 65.80   1.80043876
 65.90   1.80033515
 66.00   1.80023169
 66.10   1.80012836
 66.20   1.80002517
 66.30   1.79992212
 66.40   1.79981921
 66.50   1.79971644
 66.60   1.79961381
 66.70   1.79951131
 66.80   1.79940895
 66.90   1.79930673
 67.00   1.79920465
 67.10   1.79910270
 67.20   1.79900089
 67.30   1.79889921
 67.40   1.79879767
 67.50   1.79869626
 67.60   1.79859498
 67.70   1.79849384
 67.80   1.79839284
 67.90   1.79829196
 68.00   1.79819122
 68.10   1.79809061
 68.20   1.79799013
 68.30   1.79788978
 68.40   1.79778956
 68.50   1.79768947
 68.60   1.79758952
 68.70   1.79748969
 68.80   1.79738999
 68.90   1.79729042
 69.00   1.79719098
 69.10   1.79709166
 69.20   1.79699248
 69.30   1.79689342
 69.40   1.79679449
 69.50   1.79669568
 69.60   1.79659700
 69.70   1.79649845
 69.80   1.79640002
 69.90   1.79630171
 70.00   1.79620353
 70.10   1.79610548
 70.20   1.79600755
 70.30   1.79590974
 70.40   1.79581205
 70.50   1.79571449
 70.60   1.79561705
 70.70   1.79551973
 70.80   1.79542253
 70.90   1.79532546
 71.00   1.79522850
 71.10   1.79513167
 71.20   1.79503495
 71.30   1.79493836
 71.40   1.79484188
 71.50   1.79474553
 71.60   1.79464929
 71.70   1.79455317
 71.80   1.79445717
 71.90   1.79436129
 72.00   1.79426552
 72.10   1.79416987
 72.20   1.79407434
 72.30   1.79397892
 72.40   1.79388362
 72.50   1.79378843
 72.60   1.79369336
 72.70   1.79359840
 72.80   1.79350356
 72.90   1.79340884
 73.00   1.79331422
 73.10   1.79321972
 73.20   1.79312534
 73.30   1.79303106
 73.40   1.79293690
 73.50   1.79284285
 73.60   1.79274891
 73.70   1.79265509
 73.80   1.79256137
 73.90   1.79246777
 74.00   1.79237427
 74.10   1.79228089
 74.20   1.79218762
 74.30   1.79209445
 74.40   1.79200140
 74.50   1.79190845
 74.60   1.79181561
 74.70   1.79172288
 74.80   1.79163026
 74.90   1.79153775
 75.00   1.79144534
 75.10   1.79135304
 75.20   1.79126085
 75.30   1.79116876
 75.40   1.79107678
 75.50   1.79098491
 75.60   1.79089314
 75.70   1.79080147
 75.80   1.79070991
 75.90   1.79061846
 76.00   1.79052711
 76.10   1.79043586
 76.20   1.79034472
 76.30   1.79025368
 76.40   1.79016274
 76.50   1.79007191
 76.60   1.78998118
 76.70   1.78989055
 76.80   1.78980002
 76.90   1.78970959
 77.00   1.78961927
 77.10   1.78952904
 77.20   1.78943892
 77.30   1.78934890
 77.40   1.78925898
 77.50   1.78916915
 77.60   1.78907943
 77.70   1.78898981
 77.80   1.78890028
 77.90   1.78881085
 78.00   1.78872153
 78.10   1.78863230
 78.20   1.78854316
 78.30   1.78845413
 78.40   1.78836519
 78.50   1.78827635
 78.60   1.78818761
 78.70   1.78809896
 78.80   1.78801041
 78.90   1.78792195
 79.00   1.78783359
 79.10   1.78774533
 79.20   1.78765716
 79.30   1.78756909
 79.40   1.78748111
 79.50   1.78739322
 79.60   1.78730543
 79.70   1.78721773
 79.80   1.78713013
 79.90   1.78704262
 80.00   1.78695520
 80.10   1.78686788
 80.20   1.78678064
 80.30   1.78669350
 80.40   1.78660645
 80.50   1.78651950
 80.60   1.78643263
 80.70   1.78634586
 80.80   1.78625917
 80.90   1.78617258
 81.00   1.78608608
 81.10   1.78599967
 81.20   1.78591335
 81.30   1.78582711
 81.40   1.78574097
 81.50   1.78565492
 81.60   1.78556895
 81.70   1.78548308
 81.80   1.78539729
 81.90   1.78531159
 82.00   1.78522598
 82.10   1.78514045
 82.20   1.78505502
 82.30   1.78496967
 82.40   1.78488441
 82.50   1.78479923
 82.60   1.78471414
 82.70   1.78462914
 82.80   1.78454422
 82.90   1.78445939
 83.00   1.78437465
 83.10   1.78428999
 83.20   1.78420541
 83.30   1.78412092
 83.40   1.78403652
 83.50   1.78395220
 83.60   1.78386796
 83.70   1.78378381
 83.80   1.78369974
 83.90   1.78361575
 84.00   1.78353185
 84.10   1.78344803
 84.20   1.78336429
 84.30   1.78328064
 84.40   1.78319707
 84.50   1.78311358
 84.60   1.78303017
 84.70   1.78294685
 84.80   1.78286360
 84.90   1.78278044
 85.00   1.78269736
 85.10   1.78261436
 85.20   1.78253144
 85.30   1.78244860
 85.40   1.78236584
 85.50   1.78228316
 85.60   1.78220056
 85.70   1.78211804
 85.80   1.78203560
 85.90   1.78195324
 86.00   1.78187095
 86.10   1.78178875
 86.20   1.78170663
 86.30   1.78162458
 86.40   1.78154261
 86.50   1.78146072
 86.60   1.78137890
 86.70   1.78129717
 86.80   1.78121551
 86.90   1.78113393
 87.00   1.78105242
 87.10   1.78097099
 87.20   1.78088964
 87.30   1.78080837
 87.40   1.78072717
 87.50   1.78064604
 87.60   1.78056500
 87.70   1.78048402
 87.80   1.78040313
 87.90   1.78032231
 88.00   1.78024156
 88.10   1.78016089
 88.20   1.78008029
 88.30   1.77999977
 88.40   1.77991932
 88.50   1.77983894
 88.60   1.77975864
 88.70   1.77967841
 88.80   1.77959826
 88.90   1.77951817
 89.00   1.77943816
 89.10   1.77935823
 89.20   1.77927837
 89.30   1.77919857
 89.40   1.77911886
 89.50   1.77903921
 89.60   1.77895963
 89.70   1.77888013
 89.80   1.77880070
 89.90   1.77872134
 90.00   1.77864205
 90.10   1.77856283
 90.20   1.77848368
 90.30   1.77840461
 90.40   1.77832560
 90.50   1.77824667
 90.60   1.77816780
 90.70   1.77808900
 90.80   1.77801028
 90.90   1.77793162
 91.00   1.77785303
 91.10   1.77777451
 91.20   1.77769606
 91.30   1.77761768
 91.40   1.77753937
 91.50   1.77746113
 91.60   1.77738295
 91.70   1.77730484
 91.80   1.77722681
 91.90   1.77714883
 92.00   1.77707093
 92.10   1.77699309
 92.20   1.77691532
 92.30   1.77683762
 92.40   1.77675999
 92.50   1.77668242
 92.60   1.77660492
 92.70   1.77652748
 92.80   1.77645011
 92.90   1.77637281
 93.00   1.77629558
 93.10   1.77621841
 93.20   1.77614130
 93.30   1.77606426
 93.40   1.77598729
 93.50   1.77591038
 93.60   1.77583353
 93.70   1.77575675
 93.80   1.77568004
 93.90   1.77560339
 94.00   1.77552680
 94.10   1.77545028
 94.20   1.77537382
 94.30   1.77529743
 94.40   1.77522110
 94.50   1.77514484
 94.60   1.77506863
 94.70   1.77499249
 94.80   1.77491642
 94.90   1.77484040
 95.00   1.77476445
 95.10   1.77468857
 95.20   1.77461274
 95.30   1.77453698
 95.40   1.77446128
 95.50   1.77438564
 95.60   1.77431006
 95.70   1.77423455
 95.80   1.77415909
 95.90   1.77408370
 96.00   1.77400837
 96.10   1.77393310
 96.20   1.77385790
 96.30   1.77378275
 96.40   1.77370766
 96.50   1.77363264
 96.60   1.77355767
 96.70   1.77348277
 96.80   1.77340792
 96.90   1.77333314
 97.00   1.77325841
 97.10   1.77318375
 97.20   1.77310914
 97.30   1.77303460
 97.40   1.77296011
 97.50   1.77288568
 97.60   1.77281131
 97.70   1.77273700
 97.80   1.77266275
 97.90   1.77258856
 98.00   1.77251443
 98.10   1.77244035
 98.20   1.77236634
 98.30   1.77229238
 98.40   1.77221848
 98.50   1.77214464
 98.60   1.77207085
 98.70   1.77199712
 98.80   1.77192345
 98.90   1.77184984
 99.00   1.77177629
 99.10   1.77170279
 99.20   1.77162935
 99.30   1.77155596
 99.40   1.77148263
 99.50   1.77140936
 99.60   1.77133615
 99.70   1.77126299
 99.80   1.77118989
 99.90   1.77111684
100.00   1.77104385
100.10   1.77097091
100.20   1.77089803
100.30   1.77082521
100.40   1.77075244
100.50   1.77067973
100.60   1.77060707
100.70   1.77053447
100.80   1.77046192
100.90   1.77038943
101.00   1.77031699
101.10   1.77024460
101.20   1.77017228
101.30   1.77010000
101.40   1.77002778
101.50   1.76995561
101.60   1.76988350
101.70   1.76981144
101.80   1.76973943
101.90   1.76966748
102.00   1.76959558
102.10   1.76952374
102.20   1.76945195
102.30   1.76938021
102.40   1.76930852
102.50   1.76923689
102.60   1.76916531
102.70   1.76909378
102.80   1.76902230
102.90   1.76895088
103.00   1.76887951
103.10   1.76880819
103.20   1.76873693
103.30   1.76866571
103.40   1.76859455
103.50   1.76852344
103.60   1.76845238
103.70   1.76838137
103.80   1.76831041
103.90   1.76823951
104.00   1.76816866
104.10   1.76809785
104.20   1.76802710
104.30   1.76795640
104.40   1.76788575
104.50   1.76781515
104.60   1.76774460
104.70   1.76767410
104.80   1.76760365
104.90   1.76753326
105.00   1.76746291
105.10   1.76739261
105.20   1.76732236
105.30   1.76725216
105.40   1.76718201
105.50   1.76711191
105.60   1.76704186
105.70   1.76697186
105.80   1.76690191
105.90   1.76683201
106.00   1.76676216
106.10   1.76669235
106.20   1.76662260
106.30   1.76655289
106.40   1.76648323
106.50   1.76641362
106.60   1.76634406
106.70   1.76627455
106.80   1.76620509
106.90   1.76613567
107.00   1.76606630
107.10   1.76599698
107.20   1.76592771
107.30   1.76585848
107.40   1.76578931
107.50   1.76572018
107.60   1.76565110
107.70   1.76558206
107.80   1.76551307
107.90   1.76544413
108.00   1.76537524
108.10   1.76530639
108.20   1.76523759
108.30   1.76516884
108.40   1.76510013
108.50   1.76503148
108.60   1.76496286
108.70   1.76489430
108.80   1.76482578
108.90   1.76475730
109.00   1.76468887
109.10   1.76462049
109.20   1.76455216
109.30   1.76448387
109.40   1.76441562
109.50   1.76434742
109.60   1.76427927
109.70   1.76421116
109.80   1.76414310
109.90   1.76407508
110.00   1.76400711
110.10   1.76393918
110.20   1.76387130
110.30   1.76380347
110.40   1.76373567
110.50   1.76366793
110.60   1.76360022
110.70   1.76353257
110.80   1.76346495
110.90   1.76339738
111.00   1.76332986
111.10   1.76326238
111.20   1.76319494
111.30   1.76312755
111.40   1.76306020
111.50   1.76299290
111.60   1.76292564
111.70   1.76285842
111.80   1.76279125
111.90   1.76272412
112.00   1.76265703
112.10   1.76258999
112.20   1.76252299
112.30   1.76245603
112.40   1.76238912
112.50   1.76232225
112.60   1.76225543
112.70   1.76218864
112.80   1.76212190
112.90   1.76205520
113.00   1.76198855
113.10   1.76192193
113.20   1.76185536
113.30   1.76178883
113.40   1.76172235
113.50   1.76165590
113.60   1.76158950
113.70   1.76152314
113.80   1.76145683
113.90   1.76139055
114.00   1.76132432
114.10   1.76125813
114.20   1.76119198
114.30   1.76112587
114.40   1.76105980
114.50   1.76099377
114.60   1.76092779
114.70   1.76086185
114.80   1.76079595
114.90   1.76073009
115.00   1.76066427
115.10   1.76059849
115.20   1.76053275
115.30   1.76046706
115.40   1.76040140
115.50   1.76033579
115.60   1.76027021
115.70   1.76020468
115.80   1.76013918
115.90   1.76007373
116.00   1.76000832
116.10   1.75994295
116.20   1.75987762
116.30   1.75981232
116.40   1.75974707
116.50   1.75968186
116.60   1.75961669
116.70   1.75955156
116.80   1.75948647
116.90   1.75942141
117.00   1.75935640
117.10   1.75929143
117.20   1.75922649
117.30   1.75916160
117.40   1.75909675
117.50   1.75903193
117.60   1.75896715
117.70   1.75890242
117.80   1.75883772
117.90   1.75877306
118.00   1.75870844
118.10   1.75864386
118.20   1.75857932
118.30   1.75851481
118.40   1.75845035
118.50   1.75838592
118.60   1.75832153
118.70   1.75825718
118.80   1.75819287
118.90   1.75812860
119.00   1.75806437
119.10   1.75800017
119.20   1.75793601
119.30   1.75787189
119.40   1.75780781
119.50   1.75774377
119.60   1.75767976
119.70   1.75761579
119.80   1.75755186
119.90   1.75748797
120.00   1.75742411
120.10   1.75736030
120.20   1.75729652
120.30   1.75723277
120.40   1.75716907
120.50   1.75710540
120.60   1.75704177
120.70   1.75697818
120.80   1.75691462
120.90   1.75685110
121.00   1.75678762
121.10   1.75672417
121.20   1.75666076
121.30   1.75659739
121.40   1.75653406
121.50   1.75647076
121.60   1.75640750
121.70   1.75634427
121.80   1.75628108
121.90   1.75621793
122.00   1.75615482
122.10   1.75609174
122.20   1.75602869
122.30   1.75596569
122.40   1.75590272
122.50   1.75583978
122.60   1.75577688
122.70   1.75571402
122.80   1.75565119
122.90   1.75558840
123.00   1.75552565
123.10   1.75546293
123.20   1.75540025
123.30   1.75533760
123.40   1.75527499
123.50   1.75521241
123.60   1.75514987
123.70   1.75508736
123.80   1.75502489
123.90   1.75496246
124.00   1.75490006
124.10   1.75483769
124.20   1.75477536
124.30   1.75471307
124.40   1.75465081
124.50   1.75458858
124.60   1.75452639
124.70   1.75446424
124.80   1.75440212
124.90   1.75434003
125.00   1.75427798
125.10   1.75421597
125.20   1.75415399
125.30   1.75409204
125.40   1.75403013
125.50   1.75396825
125.60   1.75390641
125.70   1.75384460
125.80   1.75378282
125.90   1.75372108
126.00   1.75365937
126.10   1.75359770
126.20   1.75353606
126.30   1.75347446
126.40   1.75341289
126.50   1.75335135
126.60   1.75328985
126.70   1.75322838
126.80   1.75316694
126.90   1.75310554
127.00   1.75304418
127.10   1.75298284
127.20   1.75292154
127.30   1.75286027
127.40   1.75279904
127.50   1.75273784
127.60   1.75267667
127.70   1.75261554
127.80   1.75255444
127.90   1.75249337
128.00   1.75243234
128.10   1.75237133
128.20   1.75231037
128.30   1.75224943
128.40   1.75218853
128.50   1.75212766
128.60   1.75206682
128.70   1.75200602
128.80   1.75194525
128.90   1.75188451
129.00   1.75182381
129.10   1.75176313
129.20   1.75170249
129.30   1.75164189
129.40   1.75158131
129.50   1.75152077
129.60   1.75146026
129.70   1.75139978
129.80   1.75133933
129.90   1.75127892
130.00   1.75121854
130.10   1.75115819
130.20   1.75109787
130.30   1.75103759
130.40   1.75097733
130.50   1.75091711
130.60   1.75085692
130.70   1.75079677
130.80   1.75073664
130.90   1.75067655
131.00   1.75061648
131.10   1.75055645
131.20   1.75049646
131.30   1.75043649
131.40   1.75037655
131.50   1.75031665
131.60   1.75025678
131.70   1.75019694
131.80   1.75013713
131.90   1.75007735
132.00   1.75001760
132.10   1.74995788
132.20   1.74989820
132.30   1.74983855
132.40   1.74977892
132.50   1.74971933
132.60   1.74965977
132.70   1.74960024
132.80   1.74954075
132.90   1.74948128
133.00   1.74942184
133.10   1.74936244
133.20   1.74930306
133.30   1.74924372
133.40   1.74918440
133.50   1.74912512
133.60   1.74906587
133.70   1.74900665
133.80   1.74894746
133.90   1.74888830
134.00   1.74882917
134.10   1.74877007
134.20   1.74871100
134.30   1.74865196
134.40   1.74859295
134.50   1.74853397
134.60   1.74847502
134.70   1.74841611
134.80   1.74835722
134.90   1.74829836
135.00   1.74823953
135.10   1.74818074
135.20   1.74812197
135.30   1.74806323
135.40   1.74800452
135.50   1.74794585
135.60   1.74788720
135.70   1.74782858
135.80   1.74776999
135.90   1.74771143
136.00   1.74765290
136.10   1.74759440
136.20   1.74753593
136.30   1.74747749
136.40   1.74741908
136.50   1.74736070
136.60   1.74730235
136.70   1.74724403
136.80   1.74718573
136.90   1.74712747
137.00   1.74706924
137.10   1.74701103
137.20   1.74695285
137.30   1.74689471
137.40   1.74683659
137.50   1.74677850
137.60   1.74672044
137.70   1.74666241
137.80   1.74660441
137.90   1.74654644
138.00   1.74648849
138.10   1.74643058
138.20   1.74637269
138.30   1.74631484
138.40   1.74625701
138.50   1.74619921
138.60   1.74614144
138.70   1.74608370
138.80   1.74602598
138.90   1.74596830
139.00   1.74591064
139.10   1.74585301
139.20   1.74579541
139.30   1.74573784
139.40   1.74568030
139.50   1.74562279
139.60   1.74556530
139.70   1.74550784
139.80   1.74545042
139.90   1.74539301
140.00   1.74533564
140.10   1.74527830
140.20   1.74522098
140.30   1.74516369
140.40   1.74510643
140.50   1.74504920
140.60   1.74499200
140.70   1.74493482
140.80   1.74487768
140.90   1.74482056
141.00   1.74476346
141.10   1.74470640
141.20   1.74464936
141.30   1.74459235
141.40   1.74453537
141.50   1.74447842
141.60   1.74442150
141.70   1.74436460
141.80   1.74430773
141.90   1.74425089
142.00   1.74419407
142.10   1.74413728
142.20   1.74408052
142.30   1.74402379
142.40   1.74396709
142.50   1.74391041
142.60   1.74385376
142.70   1.74379714
142.80   1.74374054
142.90   1.74368397
143.00   1.74362743
143.10   1.74357092
143.20   1.74351443
143.30   1.74345797
143.40   1.74340154
143.50   1.74334514
143.60   1.74328876
143.70   1.74323241
143.80   1.74317608
143.90   1.74311979
144.00   1.74306352
144.10   1.74300727
144.20   1.74295106
144.30   1.74289487
144.40   1.74283871
144.50   1.74278257
144.60   1.74272646
144.70   1.74267038
144.80   1.74261432
144.90   1.74255829
145.00   1.74250229
145.10   1.74244632
145.20   1.74239037
145.30   1.74233445
145.40   1.74227855
145.50   1.74222268
145.60   1.74216684
145.70   1.74211102
145.80   1.74205523
145.90   1.74199947
146.00   1.74194373
146.10   1.74188802
146.20   1.74183234
146.30   1.74177668
146.40   1.74172104
146.50   1.74166544
146.60   1.74160986
146.70   1.74155431
146.80   1.74149878
146.90   1.74144328
147.00   1.74138780
147.10   1.74133235
147.20   1.74127693
147.30   1.74122153
147.40   1.74116616
147.50   1.74111082
147.60   1.74105550
147.70   1.74100020
147.80   1.74094494
147.90   1.74088970
148.00   1.74083448
148.10   1.74077929
148.20   1.74072412
148.30   1.74066899
148.40   1.74061387
148.50   1.74055879
148.60   1.74050372
148.70   1.74044869
148.80   1.74039368
148.90   1.74033869
149.00   1.74028373
149.10   1.74022880
149.20   1.74017389
149.30   1.74011901
149.40   1.74006415
149.50   1.74000932
149.60   1.73995451
149.70   1.73989973
149.80   1.73984498
149.90   1.73979025
150.00   1.73973554
150.10   1.73968086
150.20   1.73962621
150.30   1.73957158
150.40   1.73951697
150.50   1.73946239
150.60   1.73940784
150.70   1.73935331
150.80   1.73929881
150.90   1.73924433
151.00   1.73918987
151.10   1.73913545
151.20   1.73908104
151.30   1.73902666
151.40   1.73897231
151.50   1.73891798
151.60   1.73886368
151.70   1.73880940
151.80   1.73875514
151.90   1.73870091
152.00   1.73864671
152.10   1.73859253
152.20   1.73853837
152.30   1.73848424
152.40   1.73843014
152.50   1.73837605
152.60   1.73832200
152.70   1.73826797
152.80   1.73821396
152.90   1.73815998
153.00   1.73810602
153.10   1.73805208
153.20   1.73799817
153.30   1.73794429
153.40   1.73789043
153.50   1.73783659
153.60   1.73778278
153.70   1.73772900
153.80   1.73767523
153.90   1.73762149
154.00   1.73756778
154.10   1.73751409
154.20   1.73746042
154.30   1.73740678
154.40   1.73735317
154.50   1.73729957
154.60   1.73724600
154.70   1.73719246
154.80   1.73713894
154.90   1.73708544
155.00   1.73703197
155.10   1.73697852
155.20   1.73692510
155.30   1.73687170
155.40   1.73681832
155.50   1.73676497
155.60   1.73671164
155.70   1.73665834
155.80   1.73660506
155.90   1.73655180
156.00   1.73649857
156.10   1.73644536
156.20   1.73639218
156.30   1.73633902
156.40   1.73628588
156.50   1.73623277
156.60   1.73617968
156.70   1.73612661
156.80   1.73607357
156.90   1.73602055
157.00   1.73596755
157.10   1.73591458
157.20   1.73586163
157.30   1.73580871
157.40   1.73575581
157.50   1.73570293
157.60   1.73565008
157.70   1.73559725
157.80   1.73554444
157.90   1.73549166
158.00   1.73543890
158.10   1.73538616
158.20   1.73533345
158.30   1.73528076
158.40   1.73522810
158.50   1.73517545
158.60   1.73512283
158.70   1.73507024
158.80   1.73501767
158.90   1.73496512
159.00   1.73491259
159.10   1.73486009
159.20   1.73480761
159.30   1.73475515
159.40   1.73470272
159.50   1.73465031
159.60   1.73459792
159.70   1.73454556
159.80   1.73449321
159.90   1.73444090
160.00   1.73438860
160.10   1.73433633
160.20   1.73428408
160.30   1.73423185
160.40   1.73417965
160.50   1.73412747
160.60   1.73407531
160.70   1.73402318
160.80   1.73397107
160.90   1.73391898
161.00   1.73386692
161.10   1.73381487
161.20   1.73376285
161.30   1.73371086
161.40   1.73365888
161.50   1.73360693
161.60   1.73355500
161.70   1.73350309
161.80   1.73345121
161.90   1.73339935
162.00   1.73334751
162.10   1.73329570
162.20   1.73324390
162.30   1.73319213
162.40   1.73314039
162.50   1.73308866
162.60   1.73303696
162.70   1.73298528
162.80   1.73293362
162.90   1.73288199
163.00   1.73283037
163.10   1.73277878
163.20   1.73272721
163.30   1.73267567
163.40   1.73262415
163.50   1.73257265
163.60   1.73252117
163.70   1.73246971
163.80   1.73241828
163.90   1.73236687
164.00   1.73231548
164.10   1.73226411
164.20   1.73221277
164.30   1.73216145
164.40   1.73211015
164.50   1.73205887
164.60   1.73200761
164.70   1.73195638
164.80   1.73190517
164.90   1.73185398
165.00   1.73180281
165.10   1.73175167
165.20   1.73170054
165.30   1.73164944
165.40   1.73159837
165.50   1.73154731
165.60   1.73149627
165.70   1.73144526
165.80   1.73139427
165.90   1.73134330
166.00   1.73129236
166.10   1.73124143
166.20   1.73119053
166.30   1.73113965
166.40   1.73108879
166.50   1.73103795
166.60   1.73098714
166.70   1.73093634
166.80   1.73088557
166.90   1.73083482
167.00   1.73078409
167.10   1.73073339
167.20   1.73068270
167.30   1.73063204
167.40   1.73058140
167.50   1.73053078
167.60   1.73048018
167.70   1.73042960
167.80   1.73037905
167.90   1.73032852
168.00   1.73027800
168.10   1.73022751
168.20   1.73017705
168.30   1.73012660
168.40   1.73007617
168.50   1.73002577
168.60   1.72997539
168.70   1.72992503
168.80   1.72987469
168.90   1.72982437
169.00   1.72977408
169.10   1.72972380
169.20   1.72967355
169.30   1.72962332
169.40   1.72957311
169.50   1.72952292
169.60   1.72947275
169.70   1.72942260
169.80   1.72937248
169.90   1.72932237
170.00   1.72927229
170.10   1.72922223
170.20   1.72917219
170.30   1.72912217
170.40   1.72907217
170.50   1.72902220
170.60   1.72897224
170.70   1.72892231
170.80   1.72887239
170.90   1.72882250
171.00   1.72877263
171.10   1.72872278
171.20   1.72867296
171.30   1.72862315
171.40   1.72857336
171.50   1.72852360
171.60   1.72847385
171.70   1.72842413
171.80   1.72837443
171.90   1.72832475
172.00   1.72827509
172.10   1.72822545
172.20   1.72817583
172.30   1.72812623
172.40   1.72807666
172.50   1.72802710
172.60   1.72797757
172.70   1.72792805
172.80   1.72787856
172.90   1.72782909
173.00   1.72777964
173.10   1.72773021
173.20   1.72768080
173.30   1.72763141
173.40   1.72758204
173.50   1.72753270
173.60   1.72748337
173.70   1.72743406
173.80   1.72738478
173.90   1.72733552
174.00   1.72728627
174.10   1.72723705
174.20   1.72718785
174.30   1.72713867
174.40   1.72708951
174.50   1.72704037
174.60   1.72699125
174.70   1.72694215
174.80   1.72689307
174.90   1.72684401
175.00   1.72679497
175.10   1.72674596
175.20   1.72669696
175.30   1.72664799
175.40   1.72659903
175.50   1.72655010
175.60   1.72650118
175.70   1.72645229
175.80   1.72640342
175.90   1.72635456
176.00   1.72630573
176.10   1.72625692
176.20   1.72620813
176.30   1.72615936
176.40   1.72611061
176.50   1.72606187
176.60   1.72601316
176.70   1.72596447
176.80   1.72591580
176.90   1.72586716
177.00   1.72581853
177.10   1.72576992
177.20   1.72572133
177.30   1.72567276
177.40   1.72562421
177.50   1.72557569
177.60   1.72552718
177.70   1.72547869
177.80   1.72543022
177.90   1.72538178
178.00   1.72533335
178.10   1.72528494
178.20   1.72523656
178.30   1.72518819
178.40   1.72513984
178.50   1.72509152
178.60   1.72504321
178.70   1.72499492
178.80   1.72494666
178.90   1.72489841
179.00   1.72485018
179.10   1.72480198
179.20   1.72475379
179.30   1.72470563
179.40   1.72465748
179.50   1.72460935
179.60   1.72456125
179.70   1.72451316
179.80   1.72446509
179.90   1.72441705
180.00   1.72436902
180.10   1.72432101
180.20   1.72427303
180.30   1.72422506
180.40   1.72417711
180.50   1.72412918
180.60   1.72408127
180.70   1.72403339
180.80   1.72398552
180.90   1.72393767
181.00   1.72388984
181.10   1.72384203
181.20   1.72379424
181.30   1.72374647
181.40   1.72369872
181.50   1.72365099
181.60   1.72360328
181.70   1.72355559
181.80   1.72350792
181.90   1.72346027
182.00   1.72341264
182.10   1.72336503
182.20   1.72331743
182.30   1.72326986
182.40   1.72322231
182.50   1.72317477
182.60   1.72312726
182.70   1.72307976
182.80   1.72303229
182.90   1.72298483
183.00   1.72293740
183.10   1.72288998
183.20   1.72284258
183.30   1.72279521
183.40   1.72274785
183.50   1.72270051
183.60   1.72265319
183.70   1.72260589
183.80   1.72255861
183.90   1.72251135
184.00   1.72246411
184.10   1.72241688
184.20   1.72236968
184.30   1.72232250
184.40   1.72227533
184.50   1.72222819
184.60   1.72218106
184.70   1.72213396
184.80   1.72208687
184.90   1.72203980
185.00   1.72199275
185.10   1.72194573
185.20   1.72189872
185.30   1.72185172
185.40   1.72180475
185.50   1.72175780
185.60   1.72171087
185.70   1.72166395
185.80   1.72161706
185.90   1.72157018
186.00   1.72152333
186.10   1.72147649
186.20   1.72142967
186.30   1.72138287
186.40   1.72133609
186.50   1.72128933
186.60   1.72124259
186.70   1.72119587
186.80   1.72114917
186.90   1.72110248
187.00   1.72105582
187.10   1.72100917
187.20   1.72096254
187.30   1.72091594
187.40   1.72086935
187.50   1.72082278
187.60   1.72077623
187.70   1.72072969
187.80   1.72068318
187.90   1.72063669
188.00   1.72059021
188.10   1.72054375
188.20   1.72049732
188.30   1.72045090
188.40   1.72040450
188.50   1.72035812
188.60   1.72031175
188.70   1.72026541
188.80   1.72021909
188.90   1.72017278
189.00   1.72012650
189.10   1.72008023
189.20   1.72003398
189.30   1.71998775
189.40   1.71994154
189.50   1.71989534
189.60   1.71984917
189.70   1.71980302
189.80   1.71975688
189.90   1.71971076
190.00   1.71966466
190.10   1.71961858
190.20   1.71957252
190.30   1.71952648
190.40   1.71948045
190.50   1.71943445
190.60   1.71938846
190.70   1.71934249
190.80   1.71929654
190.90   1.71925061
191.00   1.71920470
191.10   1.71915881
191.20   1.71911293
191.30   1.71906708
191.40   1.71902124
191.50   1.71897542
191.60   1.71892962
191.70   1.71888383
191.80   1.71883807
191.90   1.71879233
192.00   1.71874660
192.10   1.71870089
192.20   1.71865520
192.30   1.71860953
192.40   1.71856388
192.50   1.71851824
192.60   1.71847263
192.70   1.71842703
192.80   1.71838145
192.90   1.71833589
193.00   1.71829035
193.10   1.71824482
193.20   1.71819932
193.30   1.71815383
193.40   1.71810836
193.50   1.71806291
193.60   1.71801748
193.70   1.71797207
193.80   1.71792667
193.90   1.71788129
194.00   1.71783594
194.10   1.71779059
194.20   1.71774527
194.30   1.71769997
194.40   1.71765468
194.50   1.71760942
194.60   1.71756417
194.70   1.71751894
194.80   1.71747372
194.90   1.71742853
195.00   1.71738335
195.10   1.71733819
195.20   1.71729305
195.30   1.71724793
195.40   1.71720283
195.50   1.71715774
195.60   1.71711268
195.70   1.71706763
195.80   1.71702260
195.90   1.71697758
196.00   1.71693259
196.10   1.71688761
196.20   1.71684266
196.30   1.71679771
196.40   1.71675279
196.50   1.71670789
196.60   1.71666300
196.70   1.71661813
196.80   1.71657328
196.90   1.71652845
197.00   1.71648364
197.10   1.71643884
197.20   1.71639406
197.30   1.71634930
197.40   1.71630456
197.50   1.71625984
197.60   1.71621513
197.70   1.71617044
197.80   1.71612577
197.90   1.71608112
198.00   1.71603648
198.10   1.71599187
198.20   1.71594727
198.30   1.71590269
198.40   1.71585813
198.50   1.71581358
198.60   1.71576905
198.70   1.71572454
198.80   1.71568005
198.90   1.71563558
199.00   1.71559112
199.10   1.71554668
199.20   1.71550226
199.30   1.71545786
199.40   1.71541348
199.50   1.71536911
199.60   1.71532476
199.70   1.71528043
199.80   1.71523612
199.90   1.71519182
200.00   1.71514754
200.10   1.71510328
200.20   1.71505904
200.30   1.71501481
200.40   1.71497061
200.50   1.71492642
200.60   1.71488225
200.70   1.71483809
200.80   1.71479395
200.90   1.71474984
201.00   1.71470573
201.10   1.71466165
201.20   1.71461758
201.30   1.71457354
201.40   1.71452950
201.50   1.71448549
201.60   1.71444150
201.70   1.71439752
201.80   1.71435356
201.90   1.71430961
202.00   1.71426569
202.10   1.71422178
202.20   1.71417789
202.30   1.71413402
202.40   1.71409016
202.50   1.71404632
202.60   1.71400250
202.70   1.71395870
202.80   1.71391492
202.90   1.71387115
203.00   1.71382740
203.10   1.71378366
203.20   1.71373995
203.30   1.71369625
203.40   1.71365257
203.50   1.71360891
203.60   1.71356526
203.70   1.71352163
203.80   1.71347802
203.90   1.71343443
204.00   1.71339085
204.10   1.71334729
204.20   1.71330375
204.30   1.71326023
204.40   1.71321672
204.50   1.71317323
204.60   1.71312976
204.70   1.71308630
204.80   1.71304286
204.90   1.71299944
205.00   1.71295604
205.10   1.71291265
205.20   1.71286929
205.30   1.71282593
205.40   1.71278260
205.50   1.71273928
205.60   1.71269598
205.70   1.71265270
205.80   1.71260944
205.90   1.71256619
206.00   1.71252296
206.10   1.71247974
206.20   1.71243655
206.30   1.71239337
206.40   1.71235021
206.50   1.71230706
206.60   1.71226393
206.70   1.71222082
206.80   1.71217773
206.90   1.71213465
207.00   1.71209159
207.10   1.71204855
207.20   1.71200553
207.30   1.71196252
207.40   1.71191953
207.50   1.71187655
207.60   1.71183360
207.70   1.71179066
207.80   1.71174773
207.90   1.71170483
208.00   1.71166194
208.10   1.71161907
208.20   1.71157621
208.30   1.71153338
208.40   1.71149056
208.50   1.71144775
208.60   1.71140497
208.70   1.71136220
208.80   1.71131944
208.90   1.71127671
209.00   1.71123399
209.10   1.71119129
209.20   1.71114860
209.30   1.71110593
209.40   1.71106328
209.50   1.71102065
209.60   1.71097803
209.70   1.71093543
209.80   1.71089285
209.90   1.71085028
210.00   1.71080773
210.10   1.71076520
210.20   1.71072268
210.30   1.71068018
210.40   1.71063770
210.50   1.71059524
210.60   1.71055279
210.70   1.71051036
210.80   1.71046794
210.90   1.71042554
211.00   1.71038316
211.10   1.71034080
211.20   1.71029845
211.30   1.71025612
211.40   1.71021380
211.50   1.71017150
211.60   1.71012922
211.70   1.71008696
211.80   1.71004471
211.90   1.71000248
212.00   1.70996027
212.10   1.70991807
212.20   1.70987589
212.30   1.70983373
212.40   1.70979158
212.50   1.70974945
212.60   1.70970733
212.70   1.70966524
212.80   1.70962316
212.90   1.70958109
213.00   1.70953904
213.10   1.70949701
213.20   1.70945500
213.30   1.70941300
213.40   1.70937102
213.50   1.70932906
213.60   1.70928711
213.70   1.70924518
213.80   1.70920326
213.90   1.70916136
214.00   1.70911948
214.10   1.70907762
214.20   1.70903577
214.30   1.70899394
214.40   1.70895212
214.50   1.70891032
214.60   1.70886854
214.70   1.70882677
214.80   1.70878502
214.90   1.70874329
215.00   1.70870157
215.10   1.70865987
215.20   1.70861819
215.30   1.70857652
215.40   1.70853487
215.50   1.70849324
215.60   1.70845162
215.70   1.70841002
215.80   1.70836843
215.90   1.70832686
216.00   1.70828531
216.10   1.70824378
216.20   1.70820226
216.30   1.70816075
216.40   1.70811927
216.50   1.70807780
216.60   1.70803634
216.70   1.70799490
216.80   1.70795348
216.90   1.70791208
217.00   1.70787069
217.10   1.70782932
217.20   1.70778796
217.30   1.70774662
217.40   1.70770530
217.50   1.70766399
217.60   1.70762270
217.70   1.70758142
217.80   1.70754017
217.90   1.70749892
218.00   1.70745770
218.10   1.70741649
218.20   1.70737529
218.30   1.70733412
218.40   1.70729296
218.50   1.70725181
218.60   1.70721068
218.70   1.70716957
218.80   1.70712847
218.90   1.70708739
219.00   1.70704633
219.10   1.70700528
219.20   1.70696425
219.30   1.70692323
219.40   1.70688223
219.50   1.70684125
219.60   1.70680028
219.70   1.70675933
219.80   1.70671840
219.90   1.70667748
220.00   1.70663658
220.10   1.70659569
220.20   1.70655482
220.30   1.70651396
220.40   1.70647313
220.50   1.70643230
220.60   1.70639150
220.70   1.70635071
220.80   1.70630993
220.90   1.70626917
221.00   1.70622843
221.10   1.70618771
221.20   1.70614700
221.30   1.70610630
221.40   1.70606562
221.50   1.70602496
221.60   1.70598432
221.70   1.70594369
221.80   1.70590307
221.90   1.70586247
222.00   1.70582189
222.10   1.70578132
222.20   1.70574077
222.30   1.70570024
222.40   1.70565972
222.50   1.70561922
222.60   1.70557873
222.70   1.70553826
222.80   1.70549781
222.90   1.70545737
223.00   1.70541694
223.10   1.70537654
223.20   1.70533614
223.30   1.70529577
223.40   1.70525541
223.50   1.70521507
223.60   1.70517474
223.70   1.70513442
223.80   1.70509413
223.90   1.70505385
224.00   1.70501358
224.10   1.70497333
224.20   1.70493310
224.30   1.70489288
224.40   1.70485268
224.50   1.70481250
224.60   1.70477233
224.70   1.70473217
224.80   1.70469203
224.90   1.70465191
225.00   1.70461180
225.10   1.70457171
225.20   1.70453164
225.30   1.70449158
225.40   1.70445153
225.50   1.70441150
225.60   1.70437149
225.70   1.70433149
225.80   1.70429151
225.90   1.70425155
226.00   1.70421160
226.10   1.70417166
226.20   1.70413174
226.30   1.70409184
226.40   1.70405195
226.50   1.70401208
226.60   1.70397222
226.70   1.70393238
226.80   1.70389256
226.90   1.70385275
227.00   1.70381295
227.10   1.70377318
227.20   1.70373341
227.30   1.70369367
227.40   1.70365393
227.50   1.70361422
227.60   1.70357452
227.70   1.70353483
227.80   1.70349516
227.90   1.70345551
228.00   1.70341587
228.10   1.70337625
228.20   1.70333664
228.30   1.70329705
228.40   1.70325747
228.50   1.70321791
228.60   1.70317837
228.70   1.70313884
228.80   1.70309932
228.90   1.70305983
229.00   1.70302034
229.10   1.70298087
229.20   1.70294142
229.30   1.70290199
229.40   1.70286256
229.50   1.70282316
229.60   1.70278377
229.70   1.70274439
229.80   1.70270503
229.90   1.70266569
230.00   1.70262636
230.10   1.70258704
230.20   1.70254775
230.30   1.70250846
230.40   1.70246920
230.50   1.70242994
230.60   1.70239071
230.70   1.70235149
230.80   1.70231228
230.90   1.70227309
231.00   1.70223391
231.10   1.70219475
231.20   1.70215561
231.30   1.70211648
231.40   1.70207736
231.50   1.70203827
231.60   1.70199918
231.70   1.70196011
231.80   1.70192106
231.90   1.70188202
232.00   1.70184300
232.10   1.70180399
232.20   1.70176500
232.30   1.70172602
232.40   1.70168706
232.50   1.70164812
232.60   1.70160919
232.70   1.70157027
232.80   1.70153137
232.90   1.70149248
233.00   1.70145361
233.10   1.70141476
233.20   1.70137592
233.30   1.70133709
233.40   1.70129828
233.50   1.70125949
233.60   1.70122071
233.70   1.70118195
233.80   1.70114320
233.90   1.70110446
234.00   1.70106575
234.10   1.70102704
234.20   1.70098835
234.30   1.70094968
234.40   1.70091102
234.50   1.70087238
234.60   1.70083375
234.70   1.70079514
234.80   1.70075654
234.90   1.70071796
235.00   1.70067939
235.10   1.70064084
235.20   1.70060230
235.30   1.70056378
235.40   1.70052527
235.50   1.70048678
235.60   1.70044830
235.70   1.70040984
235.80   1.70037139
235.90   1.70033296
236.00   1.70029454
236.10   1.70025614
236.20   1.70021775
236.30   1.70017938
236.40   1.70014102
236.50   1.70010268
236.60   1.70006435
236.70   1.70002604
236.80   1.69998774
236.90   1.69994946
237.00   1.69991119
237.10   1.69987294
237.20   1.69983470
237.30   1.69979648
237.40   1.69975827
237.50   1.69972008
237.60   1.69968190
237.70   1.69964373
237.80   1.69960559
237.90   1.69956745
238.00   1.69952933
238.10   1.69949123
238.20   1.69945314
238.30   1.69941507
238.40   1.69937701
238.50   1.69933896
238.60   1.69930093
238.70   1.69926292
238.80   1.69922492
238.90   1.69918693
239.00   1.69914896
239.10   1.69911101
239.20   1.69907307
239.30   1.69903514
239.40   1.69899723
239.50   1.69895933
239.60   1.69892145
239.70   1.69888359
239.80   1.69884573
239.90   1.69880790
240.00   1.69877007
240.10   1.69873227
240.20   1.69869447
240.30   1.69865670
240.40   1.69861893
240.50   1.69858118
240.60   1.69854345
240.70   1.69850573
240.80   1.69846802
240.90   1.69843033
241.00   1.69839266
241.10   1.69835500
241.20   1.69831735
241.30   1.69827972
241.40   1.69824211
241.50   1.69820450
241.60   1.69816692
241.70   1.69812934
241.80   1.69809179
241.90   1.69805424
242.00   1.69801671
242.10   1.69797920
242.20   1.69794170
242.30   1.69790421
242.40   1.69786674
242.50   1.69782929
242.60   1.69779185
242.70   1.69775442
242.80   1.69771701
242.90   1.69767961
243.00   1.69764223
243.10   1.69760486
243.20   1.69756751
243.30   1.69753017
243.40   1.69749284
243.50   1.69745553
243.60   1.69741824
243.70   1.69738096
243.80   1.69734369
243.90   1.69730644
244.00   1.69726920
244.10   1.69723198
244.20   1.69719477
244.30   1.69715758
244.40   1.69712040
244.50   1.69708323
244.60   1.69704608
244.70   1.69700894
244.80   1.69697182
244.90   1.69693472
245.00   1.69689762
245.10   1.69686054
245.20   1.69682348
245.30   1.69678643
245.40   1.69674940
245.50   1.69671238
245.60   1.69667537
245.70   1.69663838
245.80   1.69660140
245.90   1.69656444
246.00   1.69652749
246.10   1.69649055
246.20   1.69645363
246.30   1.69641673
246.40   1.69637984
246.50   1.69634296
246.60   1.69630610
246.70   1.69626925
246.80   1.69623242
246.90   1.69619560
247.00   1.69615879
247.10   1.69612200
247.20   1.69608522
247.30   1.69604846
247.40   1.69601171
247.50   1.69597498
247.60   1.69593826
247.70   1.69590156
247.80   1.69586487
247.90   1.69582819
248.00   1.69579153
248.10   1.69575488
248.20   1.69571825
248.30   1.69568163
248.40   1.69564502
248.50   1.69560843
248.60   1.69557185
248.70   1.69553529
248.80   1.69549874
248.90   1.69546221
249.00   1.69542569
249.10   1.69538918
249.20   1.69535269
249.30   1.69531621
249.40   1.69527975
249.50   1.69524330
249.60   1.69520687
249.70   1.69517045
249.80   1.69513404
249.90   1.69509765
250.00   1.69506127
250.10   1.69502491
250.20   1.69498856
250.30   1.69495222
250.40   1.69491590
250.50   1.69487959
250.60   1.69484330
250.70   1.69480702
250.80   1.69477075
250.90   1.69473450
251.00   1.69469827
251.10   1.69466204
251.20   1.69462584
251.30   1.69458964
251.40   1.69455346
251.50   1.69451729
251.60   1.69448114
251.70   1.69444500
251.80   1.69440888
251.90   1.69437277
252.00   1.69433667
252.10   1.69430059
252.20   1.69426452
252.30   1.69422847
252.40   1.69419243
252.50   1.69415640
252.60   1.69412039
252.70   1.69408439
252.80   1.69404841
252.90   1.69401244
253.00   1.69397648
253.10   1.69394054
253.20   1.69390461
253.30   1.69386869
253.40   1.69383279
253.50   1.69379691
253.60   1.69376103
253.70   1.69372518
253.80   1.69368933
253.90   1.69365350
254.00   1.69361768
254.10   1.69358188
254.20   1.69354609
254.30   1.69351032
254.40   1.69347456
254.50   1.69343881
254.60   1.69340307
254.70   1.69336736
254.80   1.69333165
254.90   1.69329596
255.00   1.69326028
255.10   1.69322462
255.20   1.69318897
255.30   1.69315333
255.40   1.69311771
255.50   1.69308210
255.60   1.69304650
255.70   1.69301092
255.80   1.69297535
255.90   1.69293980
256.00   1.69290426
256.10   1.69286874
256.20   1.69283322
256.30   1.69279773
256.40   1.69276224
256.50   1.69272677
256.60   1.69269131
256.70   1.69265587
256.80   1.69262044
256.90   1.69258503
257.00   1.69254962
257.10   1.69251424
257.20   1.69247886
257.30   1.69244350
257.40   1.69240815
257.50   1.69237282
257.60   1.69233750
257.70   1.69230220
257.80   1.69226690
257.90   1.69223162
258.00   1.69219636
258.10   1.69216111
258.20   1.69212587
258.30   1.69209065
258.40   1.69205544
258.50   1.69202024
258.60   1.69198506
258.70   1.69194989
258.80   1.69191474
258.90   1.69187959
259.00   1.69184447
259.10   1.69180935
259.20   1.69177425
259.30   1.69173916
259.40   1.69170409
259.50   1.69166903
259.60   1.69163398
259.70   1.69159895
259.80   1.69156393
259.90   1.69152893
260.00   1.69149393
260.10   1.69145896
260.20   1.69142399
260.30   1.69138904
260.40   1.69135410
260.50   1.69131918
260.60   1.69128427
260.70   1.69124937
260.80   1.69121449
260.90   1.69117962
261.00   1.69114476
261.10   1.69110992
261.20   1.69107509
261.30   1.69104027
261.40   1.69100547
261.50   1.69097068
261.60   1.69093591
261.70   1.69090114
261.80   1.69086640
261.90   1.69083166
262.00   1.69079694
262.10   1.69076223
262.20   1.69072754
262.30   1.69069286
262.40   1.69065819
262.50   1.69062354
262.60   1.69058889
262.70   1.69055427
262.80   1.69051965
262.90   1.69048505
263.00   1.69045047
263.10   1.69041589
263.20   1.69038133
263.30   1.69034679
263.40   1.69031225
263.50   1.69027773
263.60   1.69024323
263.70   1.69020873
263.80   1.69017425
263.90   1.69013979
264.00   1.69010533
264.10   1.69007089
264.20   1.69003647
264.30   1.69000206
264.40   1.68996766
264.50   1.68993327
264.60   1.68989890
264.70   1.68986454
264.80   1.68983019
264.90   1.68979586
265.00   1.68976154
265.10   1.68972723
265.20   1.68969294
265.30   1.68965866
265.40   1.68962439
265.50   1.68959014
265.60   1.68955590
265.70   1.68952167
265.80   1.68948746
265.90   1.68945326
266.00   1.68941907
266.10   1.68938490
266.20   1.68935074
266.30   1.68931659
266.40   1.68928246
266.50   1.68924834
266.60   1.68921423
266.70   1.68918014
266.80   1.68914606
266.90   1.68911199
267.00   1.68907793
267.10   1.68904389
267.20   1.68900986
267.30   1.68897585
267.40   1.68894185
267.50   1.68890786
267.60   1.68887388
267.70   1.68883992
267.80   1.68880597
267.90   1.68877204
268.00   1.68873811
268.10   1.68870420
268.20   1.68867031
268.30   1.68863643
268.40   1.68860256
268.50   1.68856870
268.60   1.68853485
268.70   1.68850102
268.80   1.68846721
268.90   1.68843340
269.00   1.68839961
269.10   1.68836583
269.20   1.68833207
269.30   1.68829831
269.40   1.68826458
269.50   1.68823085
269.60   1.68819714
269.70   1.68816344
269.80   1.68812975
269.90   1.68809608
270.00   1.68806242
270.10   1.68802877
270.20   1.68799513
270.30   1.68796151
270.40   1.68792790
270.50   1.68789431
270.60   1.68786072
270.70   1.68782716
270.80   1.68779360
270.90   1.68776006
271.00   1.68772652
271.10   1.68769301
271.20   1.68765950
271.30   1.68762601
271.40   1.68759253
271.50   1.68755907
271.60   1.68752561
271.70   1.68749218
271.80   1.68745875
271.90   1.68742533
272.00   1.68739193
272.10   1.68735855
272.20   1.68732517
272.30   1.68729181
272.40   1.68725846
272.50   1.68722512
272.60   1.68719180
272.70   1.68715849
272.80   1.68712519
272.90   1.68709191
273.00   1.68705864
273.10   1.68702538
273.20   1.68699213
273.30   1.68695890
273.40   1.68692568
273.50   1.68689247
273.60   1.68685928
273.70   1.68682610
273.80   1.68679293
273.90   1.68675977
274.00   1.68672663
274.10   1.68669350
274.20   1.68666038
274.30   1.68662728
274.40   1.68659419
274.50   1.68656111
274.60   1.68652804
274.70   1.68649499
274.80   1.68646195
274.90   1.68642892
275.00   1.68639591
275.10   1.68636290
275.20   1.68632991
275.30   1.68629694
275.40   1.68626397
275.50   1.68623102
275.60   1.68619809
275.70   1.68616516
275.80   1.68613225
275.90   1.68609935
276.00   1.68606646
276.10   1.68603359
276.20   1.68600072
276.30   1.68596788
276.40   1.68593504
276.50   1.68590222
276.60   1.68586941
276.70   1.68583661
276.80   1.68580382
276.90   1.68577105
277.00   1.68573829
277.10   1.68570554
277.20   1.68567281
277.30   1.68564009
277.40   1.68560738
277.50   1.68557468
277.60   1.68554200
277.70   1.68550932
277.80   1.68547667
277.90   1.68544402
278.00   1.68541139
278.10   1.68537877
278.20   1.68534616
278.30   1.68531356
278.40   1.68528098
278.50   1.68524841
278.60   1.68521585
278.70   1.68518331
278.80   1.68515077
278.90   1.68511825
279.00   1.68508575
279.10   1.68505325
279.20   1.68502077
279.30   1.68498830
279.40   1.68495584
279.50   1.68492340
279.60   1.68489097
279.70   1.68485855
279.80   1.68482614
279.90   1.68479375
280.00   1.68476137
280.10   1.68472900
280.20   1.68469664
280.30   1.68466430
280.40   1.68463197
280.50   1.68459965
280.60   1.68456734
280.70   1.68453505
280.80   1.68450277
280.90   1.68447050
281.00   1.68443824
281.10   1.68440600
281.20   1.68437377
281.30   1.68434155
281.40   1.68430934
281.50   1.68427715
281.60   1.68424496
281.70   1.68421280
281.80   1.68418064
281.90   1.68414849
282.00   1.68411636
282.10   1.68408424
282.20   1.68405214
282.30   1.68402004
282.40   1.68398796
282.50   1.68395589
282.60   1.68392383
282.70   1.68389179
282.80   1.68385976
282.90   1.68382774
283.00   1.68379573
283.10   1.68376373
283.20   1.68373175
283.30   1.68369978
283.40   1.68366782
283.50   1.68363588
283.60   1.68360394
283.70   1.68357202
283.80   1.68354011
283.90   1.68350822
284.00   1.68347633
284.10   1.68344446
284.20   1.68341260
284.30   1.68338076
284.40   1.68334892
284.50   1.68331710
284.60   1.68328529
284.70   1.68325349
284.80   1.68322171
284.90   1.68318993
285.00   1.68315817
285.10   1.68312642
285.20   1.68309469
285.30   1.68306297
285.40   1.68303125
285.50   1.68299955
285.60   1.68296787
285.70   1.68293619
285.80   1.68290453
285.90   1.68287288
286.00   1.68284124
286.10   1.68280962
286.20   1.68277800
286.30   1.68274640
286.40   1.68271481
286.50   1.68268324
286.60   1.68265167
286.70   1.68262012
286.80   1.68258858
286.90   1.68255705
287.00   1.68252553
287.10   1.68249403
287.20   1.68246254
287.30   1.68243106
287.40   1.68239959
287.50   1.68236814
287.60   1.68233670
287.70   1.68230527
287.80   1.68227385
287.90   1.68224244
288.00   1.68221105
288.10   1.68217966
288.20   1.68214830
288.30   1.68211694
288.40   1.68208559
288.50   1.68205426
288.60   1.68202294
288.70   1.68199163
288.80   1.68196033
288.90   1.68192905
289.00   1.68189777
289.10   1.68186651
289.20   1.68183526
289.30   1.68180403
289.40   1.68177280
289.50   1.68174159
289.60   1.68171039
289.70   1.68167920
289.80   1.68164803
289.90   1.68161686
290.00   1.68158571
290.10   1.68155457
290.20   1.68152344
290.30   1.68149233
290.40   1.68146122
290.50   1.68143013
290.60   1.68139905
290.70   1.68136798
290.80   1.68133693
290.90   1.68130589
291.00   1.68127485
291.10   1.68124383
291.20   1.68121283
291.30   1.68118183
291.40   1.68115085
291.50   1.68111988
291.60   1.68108892
291.70   1.68105797
291.80   1.68102703
291.90   1.68099611
292.00   1.68096520
292.10   1.68093430
292.20   1.68090341
292.30   1.68087253
292.40   1.68084167
292.50   1.68081082
292.60   1.68077998
292.70   1.68074915
292.80   1.68071833
292.90   1.68068753
293.00   1.68065674
293.10   1.68062596
293.20   1.68059519
293.30   1.68056443
293.40   1.68053369
293.50   1.68050295
293.60   1.68047223
293.70   1.68044152
293.80   1.68041082
293.90   1.68038014
294.00   1.68034947
294.10   1.68031880
294.20   1.68028815
294.30   1.68025752
294.40   1.68022689
294.50   1.68019628
294.60   1.68016567
294.70   1.68013508
294.80   1.68010450
294.90   1.68007394
295.00   1.68004338
295.10   1.68001284
295.20   1.67998231
295.30   1.67995179
295.40   1.67992128
295.50   1.67989078
295.60   1.67986030
295.70   1.67982983
295.80   1.67979937
295.90   1.67976892
296.00   1.67973848
296.10   1.67970806
296.20   1.67967764
296.30   1.67964724
296.40   1.67961685
296.50   1.67958647
296.60   1.67955611
296.70   1.67952575
296.80   1.67949541
296.90   1.67946508
297.00   1.67943476
297.10   1.67940445
297.20   1.67937415
297.30   1.67934387
297.40   1.67931360
297.50   1.67928333
297.60   1.67925309
297.70   1.67922285
297.80   1.67919262
297.90   1.67916241
298.00   1.67913221
298.10   1.67910201
298.20   1.67907184
298.30   1.67904167
298.40   1.67901151
298.50   1.67898137
298.60   1.67895124
298.70   1.67892111
298.80   1.67889101
298.90   1.67886091
299.00   1.67883082
299.10   1.67880075
299.20   1.67877068
299.30   1.67874063
299.40   1.67871059
299.50   1.67868057
299.60   1.67865055
299.70   1.67862055
299.80   1.67859055
299.90   1.67856057
300.00   1.67853060
